0.256842 0 0.04386 0.014925 0.101 0 1
0.675489 0.159286 0.106667 0.089552 0.0215 0.0056 1
0.161654 0.017857 0.052632 0 0.14 0.00824 1
0.211729 0.055 0.131579 0.074627 0.05 0.00003 1
0.096541 0.200893 0.06 0 0.06 0 1
0.275639 0.142857 0.087719 0 0.18 0 1
0.29203 0.037143 0.22807 0 0.082 0.31285 1
0.137895 0.41375 0.001404 0 0.04 0.01349 1
0.611579 0.017857 0.138947 0 0.09 0.00314 1
0.432331 0.175536 0.111053 0 0.026 0.01442 1
0.125263 0.029643 0.075965 0 0.064 0 1
0.243158 0.065536 0.152105 0 0.13 0.002 1
0.368421 0.214286 0.035088 0 0 0 1
0.516241 0.215714 0.001404 0 0 0.0269 1
0.482406 0.375 0.175439 0.104478 0 0 1
0.344662 0.157679 0.008772 0.149254 0.16 0 1
0.218045 0.03125 0.033684 0.044776 0.198 0 1
0.142857 0.209821 0.111228 0.149254 0.06 0.00245 1
0.121504 0.008929 0.023333 0 0 0 1
0.081504 0.306607 0.026316 0.104478 0.048 0 1
0.169173 0.401786 0.087719 0.253731 0.1 0.01208 1
0.142857 0.035714 0.029298 0 0.15 0 1
0.511278 0.285714 0.276316 0.089552 0 0.0126 1
0.205564 0.517857 0.108246 0.014925 0.06 0.00011 1
0.412331 0.232143 0.017544 0.044776 0.0725 0 1
0.031278 0.020893 0.052632 0.029851 0.05 0 1
0.5 0.464286 0.181228 0.134328 0 0 1
0.64406 0.660714 0.526316 0.253731 0 0 1
0.656692 0.303571 0.245614 0.044776 0 0 1
0.426015 0.037143 0.175439 0.089552 0.25 0.1 1
0.233083 0.528214 0.176842 0.074627 0.084 0 1
0.424812 0.349643 0.279298 0.119403 0 0 1
0.537594 0.270893 0.26614 0.223881 0 0.05 1
0.345865 0.183036 0.175439 0 0 0.04 1
0.132782 0.383929 0.014561 0.074627 0 0.0056 1
0.211729 0.053571 0.070175 0.164179 0.217 0.00035 1
0.203008 0.056607 0.064386 0.179104 0.2915 0.00713 1
0.139098 0.419643 0.017544 0.029851 0.15 0.00551 1
0.210526 0.020893 0.008772 0.029851 0.13 0.005 1
0.613985 0.33625 0.505789 0.164179 0.015 0.003 1
0.307068 0.3275 0.157895 0.179104 0 0.00221 1
0.22812 0.535714 0.187193 0.164179 0 0.02283 1
0.239398 0.050536 0.026316 0.014925 0.12 0.001 1
0.388421 0.496964 0.302632 0.089552 0.035 0 1
0.641654 1 1 0.597015 0 0.00015 1
0.610226 0.241071 0.092105 0.164179 0 0.00284 1
0.409774 0.072857 0.004386 0.343284 0.2275 0.01236 1
0.273233 0.159286 0.21193 0.044776 0.1555 0.003 1
0.417293 0.055 0.122807 0 0.108 0 1
0.152932 0.02375 0.005789 0 0.05 0 1
0.180451 0.017857 0.030702 0 0.2455 0 1
0.184211 0.035714 0.061404 0 0.14 0 1
0.35594 0.072857 0.001404 0 0.2 0.058 1
0.318346 0.089286 0 0 0.1195 0.002 1
0.308271 0.107143 0.260175 0 0 0 1
0.14406 0.415179 0.029298 0 0.08 0.003 1
0.141654 0 0.002982 0 0 0 1
0.45985 0.017857 0.175439 0 0.16 0 1
0.322105 0.160714 0.201754 0 0.3555 0 1
0.443609 0.107143 0.210526 0.164179 0.04 0 1
0.646617 0.4375 0.04386 0.059701 0.1 0 1
0.269474 0.577321 0.105263 0.134328 0.125 0.0073 1
0.145414 0.028214 0.052632 0.029851 0.04 0.004 1
0.100301 0.029821 0.055614 0.014925 0 0 1
0.194286 0.151786 0.150526 0.014925 0.06 0 1
0.307068 0.055 0.054035 0.014925 0.26 0.5 1
0.334586 0.035714 0.070175 0.164179 0 0.00456 1
0.176692 0.013393 0.008772 0.044776 0.13 0.15108 1
0.085263 0.232143 0.051228 0.104478 0.04 0.02954 1
0.322105 0.897321 0.057018 0.014925 0.2575 0.005 1
0.582707 0.232143 0.220702 0.223881 0 0.11202 1
0.662857 0.251429 0.491228 0.089552 0.18 0.01332 1
0.105263 0.369107 0.011754 0.014925 0.04 0.0005 1
0.393534 0.221786 0.001404 0.014925 0.1 0.003 1
0.179248 0.446429 0.042456 1 0.07 0.00258 1
0.165414 0.446429 0.052632 0.179104 0.06 0.00567 1
0.457444 0.238036 0.258772 0.044776 0 0 1
0.146617 0.321429 0.298246 0.074627 0.06 0 1
0.318346 0.178571 0.263158 0.089552 0 0.01 1
0.510075 0.089286 0.087719 0.179104 0.205 0.0251 1
0.135338 0.392857 0.087719 0.104478 0.05 0.00809 1
0.310827 0.151786 0.114035 0.029851 0.137 0.0061 1
0.220601 0.125 0.029298 0 0.14 0 1
0.81203 0.196429 0.45614 0.014925 0 0 1
0.100301 0.065536 0.078947 0.014925 0.05 0.0015 1
0.506316 0.285714 0.22807 0.089552 0.1875 0.511 1
0.338346 0.178571 0.087719 0.089552 0 0.00367 1
0.284511 0.196429 0.192982 0.179104 0.204 0.01 1
0.523759 0.232143 0.210526 0 0.175 0 1
0.393534 0.019286 0.017544 0.044776 0.1 0.01 1
0.298196 0.098214 0.149123 0.089552 0.102 0 1
0.076391 0.339286 0.057018 0.089552 0.02 0.006 1
0.198045 0.482143 0.175439 0.029851 0 0.05 1
0.263158 0.133929 0.02193 0.134328 0.0905 0 1
0.642857 0.571429 0 0.223881 0 0.00247 1
0.43985 0.010357 0.061404 0.119403 0.05 0.00375 1
0.129023 0.392857 0.070175 0.014925 0.04 0.00278 1
0.203008 0.059464 0.178421 0.134328 0.1995 0.00827 1
0.286917 0.089286 0.096491 0.089552 0.08 0.02072 1
0.142857 0.053571 0.083333 0.044776 0 0.00582 1
0.399699 0.269286 0.280702 0.208955 0 0.023 1
0.25188 0.232143 0.140351 0.104478 0 0.03065 1
0.587669 0.535714 0.192982 0.208955 0 0.022 1
0.495038 0.016429 0.014561 0.164179 0.22 0.00006 1
0.670376 0.357143 0.140351 0.208955 0 0.01602 1
0.354586 0.232143 0.149123 0.179104 0.0465 0 1
0.140301 0.089286 0.03807 0.164179 0.03 0.02184 1
0.285714 0.053571 0.192982 0.044776 0 0 1
0.119098 0.410714 0 0.164179 0 0 1
0.221805 0.108571 0.089123 0.014925 0.035 0 1
0.825865 0.535714 0 0.208955 0 0.03376 1
0.214286 0.071429 0.14614 0.029851 0.0905 0 1
0.305714 0.002857 0.001404 0.014925 0.14 0.02 1
0.209323 0.071429 0.035088 0.059701 0.07 0.07544 1
0.454887 0.071429 0.061404 0.029851 0 0.00015 1
0.170376 0.061071 0.058421 0.014925 0.1975 0.0002 1
0.274436 0.0625 0.001404 0 0.1965 0 1
0.704211 0.589286 0.385965 0 0.0105 0.10561 1
0.407218 0.357143 0.061404 0 0.0145 0.00837 1
0.08391 0.339286 0.035088 0 0.03 0.004 1
0.279399 0.019286 0.001404 0 0.22 0.11177 1
0.344662 0.116071 0.315789 0 0.051 0.00639 1
0.357143 0.040179 0.052632 0 0.2155 0 1
0.170376 0.090714 0.008772 0 0.185 0 1
0.414737 0 0.526316 0 0 0 1
0.635338 0.446429 0.280702 0 0.012 0.02028 1
0.542556 0.485179 0.298246 0 0 0 1
0.134135 0.375 0.046842 0 0.05 0 1
0.199248 0.053571 0.013158 0 0.13 0.01065 1
0.169173 0.446429 0.105263 0 0.01 0 1
0.185414 0.309464 0.049649 0 0.08 0.0015 1
0.070226 0.330357 0.042456 0.059701 0.03 0.0054 1
0.096541 0.291786 0.068772 0.208955 0.03 0.00158 1
0.510075 0.010357 0.526316 0.298507 0 0.15 1
0.112782 0.083393 0.017544 0.059701 0.04 0 1
0.10406 0.107143 0.005789 0.044776 0.05 0.00006 1
0.651579 0.696429 0.192982 0.104478 0 0.03 1
0.130376 0.202321 0.090702 0.104478 0.0645 0.03257 1
0.526316 0.303571 0.438596 0.134328 0.0905 0.01655 1
0.394737 0.232143 0.122807 0.014925 0 0.005 1
0.403459 0.178571 0.175439 0.104478 0 0.03065 1
0.224361 0.037143 0.087719 0.074627 0.15 0.0143 1
0.290677 0.165179 0.057018 0.029851 0 0 1
0.113985 0.375 0.105263 0 0 0 1
0.424812 0.007321 0.179825 0 0.2 0 1
0.421053 0.034286 0.087719 0 0.255 0.006 1
0.134135 0.056607 0.108246 0.089552 0.04 0 1
0.31203 0.144286 0.298246 0.104478 0.0975 0 1
0.218045 0.18 0.052632 0.119403 0.072 0.00007 1
0.29203 0.113036 0.111053 0.044776 0.19 0 1
0.517594 0.272321 0.54386 0.179104 0 0.0079 1
0.20797 0.072857 0.070175 0.044776 0.185 0.0056 1
0.132782 0.358571 0.001404 0.134328 0.03 0.00396 1
0.155338 0.017857 0.04386 0.014925 0 0.00678 1
0.414737 0.035714 0.078947 0 0 0.003 1
0.166617 0.098214 0.078947 0.089552 0.092007 0.006 1
0.105263 0.366071 0.024912 0.029851 0.0245 0 1
0.339549 0.075893 0.002982 0.014925 0.025 0.01187 1
0.325865 0.428571 0.491228 0.119403 0 0.0659 1
0.869624 0 0 0 0.092007 0 1
0.224361 0.333393 0.198772 0.089552 0.1905 0.00168 1
0.322105 0.089286 0.157895 0.104478 0.075 0.0127 1
0.387218 0.151786 0.22807 0.238806 0.0585 0.0121 1
0.384662 0.209821 0.350877 0.208955 0.1995 0 1
0.159098 0.236607 0.192982 0 0.05 0 1
0.696692 0.517857 0.631579 0.223881 0 0.01 1
0.140301 0.410714 0.122807 0.134328 0.028 0.00742 1
0.194286 0.096786 0.184211 0.014925 0.1055 0 1
0.517594 0.125 0.122807 0 0.115 0 1
0.412331 0.144286 0.245614 0.119403 0.16 0 1
0.634135 0.410714 0.175439 0.074627 0 0.08851 1
0.60406 0.34375 0.304035 0.074627 0 0 1
0.077744 0.330357 0.035088 0.059701 0.04 0.005 1
0.546316 0.447857 0.080351 0.044776 0.078 0 1
0.776992 0.392857 0.701754 0.104478 0.011 0 1
0.057594 0.321429 0.048246 0 0 0 1
0.076391 0.340714 0.002982 0 0.05 0 1
0.360902 0.196429 0.004386 0 0.114 0 1
0.142857 0.142857 0.008772 0 0.08 0 1
0.065113 0.196429 0.017544 0 0.04 0 1
0.131579 0.302143 0.086316 0 0.082 0 1
0.089023 0.013393 0.070175 0.029851 0.04 0 1
0.125263 0.392857 0.023333 0 0.05 0 1
0.171729 0.125 0.02193 0.104478 0 0.07059 1
0.506316 0.107143 0.486842 0.029851 0.2595 0.01704 1
0.296992 0.0625 0.157895 0.059701 0.1265 0.00857 1
0.209323 0.491071 0.201754 0 0.2435 0.005 1
0.671729 0.75 0.350877 0.19403 0 0.067 1
0.10406 0.065536 0.073158 0.074627 0.11 0.02503 1
0.186767 0.008929 0 0 0 0 1
0.113985 0.267857 0.049649 0.014925 0.04 0.098 1
0.437293 0.165179 0.160702 0 0 0 1
0.367218 0.361607 0.087719 0.089552 0.26 0.00196 1
0.101504 0.357143 0.087719 0 0.02 0 1
0.518797 0.895893 0.061404 0.044776 0.06 0.00014 1
0.219248 0.178571 0.385965 0 0.035 0 1
0.075188 0.267857 0.095088 0.074627 0.092007 0.26726 1
0.071429 0.071429 0.052632 0.029851 0.06 0.003 1
0.29203 0.108571 0.071579 0.014925 0.09 0.18027 1
0.469925 0.303571 0.491228 0.014925 0.044 0.02 1
0.089023 0.0075 0.010175 0.164179 0.04 0.00099 1
0.161654 0.455357 0.166667 0.029851 0.0365 0.00444 1
0.121504 0.392857 0.010175 0.089552 0.0605 0 1
0.398496 0.767857 0.701754 0.164179 0 0.012 1
0.41609 0.178571 0.175439 0.089552 0.235 0 1
0.061353 0.392857 0.035088 0.164179 0 0.03 1
0.141654 0.397321 0.01614 0.014925 0.05 0 1
0.690526 0.055 0.004386 0 0.13 0 1
0.06391 0.005893 0.007368 0 0.1 0.0004 1
0.358346 0 0 0 0.092007 0 1
0.056391 0.785714 0 0 0.225 1 1
0.081504 0 0 0 0.25 0.00001 1
0.345865 0.004464 0.052632 0 0.116 0.00113 1
0.112782 0.053571 0.052632 0 0.075 0.00008 1
0.065113 0.013393 0.350877 0 0.15 0 1
0.299549 0.013393 0.013158 0 0.15 0.00044 1
0.523759 0.007321 0.008772 0.164179 0.19 0.02732 1
0.503759 0.026786 0.096491 0.014925 0.1665 0.00892 1
0.156692 0.03125 0.162281 0.029851 0.26 0.02 1
0.383459 0.339286 0.22807 0.208955 0.12 0.04607 1
0.101504 0.422679 0.210526 0 0.17 0 1
0.076391 0.157679 0.105263 0 0.12 0 1
0.081504 0.339286 0.052632 0 0.06 0.02206 1
0.169173 0.03125 0.036491 0 0.08 0.0586 1
0.096541 0.330357 0.058421 0.044776 0.02 0.00028 1
0.180451 0.017857 0.051228 0.074627 0.156 0 1
0.100301 0.25 0.057018 0.044776 0.1 0.01391 1
0.267942 0.142857 0.175439 0.044776 0.145 0.02279 1
0.379699 0.178571 0.122807 0.149254 0 0 1
0.756842 0.005893 0 0.014925 0.116 0.001 1
0.218045 0.183036 0.166667 0.029851 0.21 0.00007 1
0.225564 0.133929 0.03807 0.014925 0.1855 0 1
0.264361 0.696429 0.245614 0.238806 0 0.05 1
0.077744 0.321429 0.026316 0.029851 0.044 0.00591 1
0.165414 0.107143 0.064386 0.283582 0 0.005 1
0.254436 0.428571 0.070175 0.014925 0.11 0.00019 1
0.109023 0.171071 0.078947 0.014925 0.04 0.003 1
0 0.142857 0.061404 0.029851 0.06 0.01 1
0.484962 0.142857 0 0 0.05 0.0096 1
0.45985 0 0.087719 0 0 0 1
0.097744 0.355714 0 0 0 0 1
0.134135 0.090714 0.090702 0 0 0 1
0.267942 0.375 0.22807 0 0 0 1
0.709323 0.178571 0.140351 0.059701 0 0.00099 1
0.035038 0.026786 0.061404 0.074627 0.176 0.0069 1
0.216842 0.013393 0.020526 0.059701 0.04 0 1
0.382256 0.061071 0.004386 0.074627 0.24 0 1
0.100301 0.267857 0.052632 0.014925 0.08 0.00234 1
0.244361 0.188929 0.078947 0.074627 0.0495 0.005 1
0.136541 0.107143 0.045263 0.014925 0.13 0.008 1
0.152932 0.053571 0.065789 0.089552 0.1 0.00327 1
0.29203 0.035714 0.026316 0.104478 0.17 0.04071 1
0.52 0.428571 0.561404 0 0.055 0 1
0.947368 0.796071 0.447368 0.014925 0 0.00109 1
0.565113 0.357143 0 0.164179 0 0.01249 1
0.315789 0.535714 0.188596 0.134328 0 0.00134 1
0.373383 0.119107 0.140351 0.208955 0.1915 0.01344 1
0.130376 0.401786 0.026316 0.059701 0 0.00321 1
0.423609 0.015 0.007368 0.089552 0.11 0.00948 1
0.238045 0.160714 0.263158 0.029851 0.165 0 1
0.276992 0.052143 0.03807 0.238806 0.06 0.02079 1
0.566466 0.001429 0.001404 0 0 0.03 1
0.136541 0.081786 0.080351 0.104478 0.07 0.02384 1
0.169173 0.440357 0.122807 0.089552 0.2 0.00458 1
0.195489 0.040179 0.04386 0 0 0.05298 1
0.14406 0.053571 0.049649 0 0.211 0.002 1
0.160451 0.440536 0.055614 0 0.06 0 1
0.427368 0.18 0.447368 0 0.046 0 1
0.106466 0.107143 0.001404 0 0.05 0 1
0.140301 0.410714 0.074561 0.164179 0.145 0.00284 1
0.171729 0.102679 0.030702 0 0.18 0 1
0.441053 0.013393 0.013158 0.119403 0.15 0.00162 1
0.330827 0.032679 0.026316 0.059701 0 0.01583 1
0.68797 0.098214 0.061404 0.074627 0.03 0.00058 1
0.109023 0.107143 0.03807 0.119403 0.08 0.00001 1
0.122857 0.019286 0.001404 0.014925 0.42 0.00059 1
0.773233 0.5 0 0.164179 0 0.014 1
0.098947 0.357143 0.035088 0.059701 0.025 0.01465 1
0.278196 0.005893 0.114035 0.014925 0.216 0.08 1
0.246917 0.017857 0.061404 0.164179 0.016 0.0054 1
0.171729 0.214286 0.035088 0.044776 0 0 1
0.382256 0.058036 0.052632 0.149254 0.093 0.047 1
0.380902 0.214286 0.045263 0.074627 0.054 0.01097 1
0.269474 0.029643 0.046842 0.119403 0.1515 0.0329 1
0.409774 0.001429 0.001404 0.014925 0.28 0 1
0.522556 0.151786 0.004386 0 0.1125 0 1
0.284511 0.321429 0.184211 0 0.077 0 1
0.215489 0.535714 0 0 0 0.13212 1
0.897293 0.633929 0 0 0 0 1
0.756842 0.714286 0.614035 0.134328 0 0.01 1
0.568872 0.535714 0.298246 0.134328 0 0 1
0.194286 0.0625 0.035088 0.074627 0.08 0.05777 1
0.174135 0.020714 0.010175 0.104478 0.048 0.05124 1
0.246917 0.232143 0.109649 0.119403 0.165 0.012 1
0.199248 0.026786 0.149123 0.044776 0.156 0.0015 1
0.141654 0 0 0 0.092007 0 1
0.307068 0.1875 0.002982 0 0.145 0.00006 1
0.374737 0.0075 0.002982 0 0.14 0 1
0.180451 0.026786 0.008772 0 0.1745 0.00023 1
0.486165 0.107143 0.083333 0.119403 0.198 0.04159 1
0.116541 0.214286 0.087719 0.044776 0.04 0.00918 1
0.095188 0.004464 0.035088 0.014925 0.12 0.00768 1
0.101504 0.08625 0.070175 0.164179 0.1 0.03 1
0.236842 0.016429 0.018947 0.059701 0.19 0.005 1
0.036391 0.001429 0.001404 0 0 0 1
0.134135 0.005893 0.078947 0 0 0 1
0.177895 0 0 0 0.092007 0 1
0.279399 0.267857 0.055614 0 0.21 0 2
0.316993 0.142857 0.438596 0 0.092007 0 2
0.373383 0.178571 0.473684 0 0.49 0 2
0.458647 0.017857 0.377193 0 0.2 0 2
0.467368 0.25 0.057018 0 0.08 0.00002 2
0.10406 0.188929 0.013158 0.014925 0.08 0 2
0.305714 0.232143 0.004386 0 0.2215 0 2
0.081504 0.020893 0.020526 0 0.08 0 2
0.119098 0.041607 0.087719 0.014925 0.09 0.0002 2
0.116541 0.348214 0.008772 0 0.07 0 2
0.538797 0.678571 0 0.014925 0.047 0 2
0.209323 0.053571 0.070175 0 0.184 0 2
0.39218 0.017857 0.008772 0 0.144 0 2
0.267942 0.125 0.105263 0 0.15 0 2
0.203008 0.022321 0.015965 0 0.1 0 2
0.35218 0.142857 0.175439 0 0.14 0 2
0.267942 0.013393 0.030702 0 0.464 0 2
0.179248 0.078929 0.140351 0 0.094 0 2
0.304511 0.160714 0.035088 0 0.12 0 2
0.530075 0.053571 0 0 0.05 0.00027 2
0.733083 0.455357 0.175439 0 0.056 0 2
0.265714 0.553571 0.017544 0 0.06 0 2
0.267942 0.178571 0.298246 0 0 0 2
0.58015 0.049107 0.33193 0 0.1 0.001 2
0.225564 0.053571 0.052632 0 0 0.00225 2
0.223008 0.126429 0.017544 0 0.0855 0 2
0.139098 0.022321 0.004386 0 0.09 0.00001 2
0.267942 0.017857 0.029298 0 0.16 0 2
0.131579 0.392857 0.105263 0 0.134 0 2
0.221805 0.035714 0.035088 0.029851 0.0835 0.005 2
0.357143 0.0625 0.008772 0 0.082 0.004 2
0.323308 0.589286 0.140351 0 0.04 0 2
0.073985 0.178571 0.013158 0.029851 0 0.00038 2
0.169173 0.428571 0.078947 0.029851 0.06 0.00005 2
0.211729 0.142857 0.201754 0.029851 0.0375 0 2
0.617744 0.553571 0 0.298507 0.076 0.0013 2
0.225564 0.041607 0.017544 0 0.14 0 2
0.169173 0.392857 0.157895 0 0.06 0 2
0.408571 0.080357 0.350877 0 0.088 0 2
0.090226 0.026786 0.027895 0.074627 0.07 0.00005 2
0.23188 0.125 0.122807 0.044776 0.1645 0 2
0.161654 0.037143 0.017544 0.044776 0.09 0.00147 2
0.162857 0.446429 0.030702 0 0.13 0 2
0.300752 0.026786 0.035088 0.044776 0.106 0 2
0.10406 0.044643 0.048246 0.044776 0.07 0.0021 2
0.175489 0.040179 0.045263 0.029851 0.1 0 2
0.360902 0.25 0.403509 0.104478 0.15 0.00005 2
0.267942 0.022321 0.008772 0 0.19 0.0201 2
0.066466 0.366071 0.03807 0 0.16 0.00013 2
0.093985 0.394464 0.070175 0 0.068 0 2
0.093985 0 0.017544 0 0.072 0 2
0.105263 0.340714 0.001404 0 0.1 0.01 2
0.161654 0.0625 0.005789 0 0.066 0 2
0.285714 0.083393 0.201754 0 0.146 0 2
0.577744 0 0 0 0 0 2
0.517594 0.047679 0.011754 0 0 0.0012 2
0.100301 0.375 0 0 0.077 0.00032 2
0.556391 0.020893 0 0 0.0725 0 2
0.050075 0.003036 0.001404 0 0.07 0.00722 2
0.068872 0.043214 0 0 0.05 0 2
0.274436 0.214286 0.04386 0 0.136 0 2
0.279399 0.089286 0.04386 0 0.14 0 2
0.065113 0.241071 0.001404 0 0.07 0 2
0.368421 0.361607 0.004386 0 0.08 0 2
0.254436 0.089286 0.078947 0 0.17 0 2
0.072632 0.203929 0.018947 0 0.06 0 2
0.081504 0.193393 0.010175 0 0.04 0.00484 2
0.066466 0.357143 0.005789 0 0.17 0 2
0.162857 0.482143 0 0 0.092007 0 2
0.037594 0.029821 0.002982 0 0.1 0 2
0.111579 0.03125 0.008772 0 0.14 0.00204 2
0.152932 0.020893 0.004386 0 0.12 0.00001 2
0.058947 0.159286 0.008772 0 0.04 0 2
0.041353 0.044643 0.008772 0.014925 0.054 0.00098 2
0.142857 0.450893 0.004386 0.029851 0 0.05552 2
0.057594 0.357143 0.005789 0.014925 0.06 0.00001 2
0.267942 0.053571 0 0.029851 0.1 0.00105 2
0.236842 0.020714 0.010175 0.014925 0.17 0.02803 2
0.076391 0.014821 0.005789 0.014925 0.1 0.00001 2
0.120301 0.0625 0 0 0.08 0 2
0.139098 0.026786 0.017544 0 0.16 0 2
0.067669 0.357143 0.035088 0.014925 0.06 0.00001 2
0.175489 0.019286 0.005789 0.014925 0.136 0.00444 2
0.330827 0.08625 0.004386 0.029851 0.11 0.00001 2
0.035038 0.011964 0 0.014925 0.08 0.00126 2
0.273233 0.111607 0.106667 0.029851 0.1 0.00004 2
0.833383 0.321429 0.140351 0.014925 0.035 0.00006 2
0.288271 0.089286 0.061404 0.029851 0.36 0 2
0.038797 0.098214 0.023333 0.014925 0.04 0.00021 2
0.126617 0.433036 0.117018 0.029851 0.09 0.00173 2
0.659098 0.071429 0.22807 0.014925 0 0.0001 2
0.067669 0.005893 0.008772 0 0.14 0 2
0.145414 0.035714 0.017544 0 0.14 0 2
0.032632 0.102679 0.002982 0 0.06 0 2
0.165414 0.488036 0.052632 0 0.14 0.00001 2
0.526316 0.940536 0 0 0 0 2
0.146617 0.098214 0.157895 0 0.08 0.00025 2
0.072632 0.3675 0.014561 0 0.04 0 2
0.210526 0.046071 0.008772 0 0.07 0 2
0.270677 0.107143 0 0 0.08 0.0002 2
0.166617 0.160714 0.035088 0 0.18 0.00006 2
0.078947 0.0625 0.08193 0 0.056 0.00006 2
0.038797 0.0075 0.004386 0 0.1 0.00001 2
0.072632 0.357143 0.014561 0 0.04 0.00042 2
0.037594 0 0.008772 0 0.03 0 2
0.139098 0.026786 0.017544 0 0.16 0 2
0.111579 0.008929 0.008772 0 0.14 0.00204 2
0.299549 0.044643 0.040877 0 0.06 0 2
0.236842 0.03875 0.035088 0 0.14 0.00013 2
0.246917 0.03875 0.001404 0 0.085 0.00179 2
0.407218 0.125 0.017544 0 0.58 0 2
0.316993 0.089286 0.105263 0 0.1 0 2
0.267942 0.142857 0.002982 0 0.2055 0 2
0.100301 0 0 0 0.092007 0 2
0.293233 0.089286 0.087719 0 0 0.00002 2
0.305714 0.089286 0.035088 0 0.23 0.00016 2
0.172932 0.446429 0.035088 0 0.09 0.01062 2
0.315789 0.089286 0.017544 0 0.174 0 2
0.209323 0.026786 0.005789 0 0.11 0.00251 2
0.504962 0.232143 0.035088 0 0 0.00228 2
0.316993 0.044643 0.017544 0 0.08 0 2
0.293233 0.107143 0.070175 0 0.09 0 2
0.214286 0.107143 0.026316 0 0.15 0.00067 2
0.380902 0.142857 0.105263 0 0.24 0 2
0.43609 0.145893 0.001404 0 0.054 0.001 2
0.198045 0.080357 0.017544 0 0.32 0.04 2
0.300752 0.098214 0 0 0.09 0 2
0.378496 0.0625 0.017544 0 0.15 0.00002 2
0.736842 0.25 0 0 0 0.00012 2
0.278196 0.053571 0.008772 0 0.186 0.00122 2
0.195489 0.160714 0.087719 0 0.1 0.0121 2
0.745564 0.019286 0.020526 0.044776 0.09 0 2
0.211729 0.053571 0.078947 0.014925 0.05 0.00003 2
0.186767 0.071429 0 0 0.138 0.00001 2
0.126617 0.020893 0 0 0.05 0 2
0.131579 0.410714 0.052632 0 0 0.04 2
0.255639 0.056607 0.020526 0 0 0 2
0.344662 0.071429 0.008772 0 0.1105 0 2
0.033835 0.005893 0.035088 0.029851 0.16 0.00001 2
0.412331 0.047679 0.005789 0 0.084 0 2
0.086466 0.005893 0.001404 0 0.19 0 2
0.280752 0.107143 0.005789 0 0.06 0 2
0.345865 0.168214 0 0 0.08 0 2
0.24812 0.196429 0.192982 0 0.05 0 2
0.140301 0.089286 0.002982 0 0.05 0.04208 2
0.196692 0.019286 0 0 0.05 0 2
0.047669 0.011964 0.010175 0 0.1 0 2
0.160451 0.071429 0.005789 0.029851 0.16 0.013 2
0.437293 0.044643 0.486842 0.014925 0.176 0.00112 2
0.135338 0.220179 0.005789 0 0.11 0.01 2
0.386015 0.061071 0.005789 0 0.2 0 2
0.14782 0.410714 0.105263 0 0.01 0.00016 2
0.115338 0.026786 0.026316 0 0.066 0.00002 2
0.289474 0.089286 0.245614 0 0.14 0 2
0.189173 0.464286 0 0 0.07 0.0111 2
0.469925 0.16375 0.035088 0 0.12 0 2
0.18797 0.055 0.004386 0 0.05 0 2
0.216842 0.020893 0.001404 0 0.13 0.01004 2
0.106466 0.017857 0.035088 0 0.13 0 2
0.224361 0.517857 0.004386 0 0 0.00286 2
0.10406 0.029821 0.070175 0 0.12 0 2
0.310827 0.047679 0.004386 0 0.22 0.045 2
0.298196 0.008929 0.140351 0 0.21 0 2
0.442406 0.178571 0.078947 0 0.0705 0 2
0.134135 0.25 0.005789 0 0.08 0 2
0.159098 0.089286 0.157895 0 0.1 0.00456 2
0.64782 0.151786 0.175439 0 0 0.00004 2
0.125263 0.409286 0.055614 0 0.05 0.01212 2
0.304511 0.196429 0.052632 0 0.03 0 2
0.132782 0.053571 0.018947 0 0.06 0.00067 2
0.111579 0 0.017544 0 0 0 2
0.194286 0.520893 0 0 0.089 0 2
0.137895 0.006071 0.002982 0 0 0 2
0.021353 0.25 0.035088 0 0.3 0 2
0.393534 0.178571 0.007368 0 0.275 0 2
0.205564 0.446429 0.008772 0 0.36 0 2
0.165414 0.019286 0.035088 0 0.06 0.00001 2
0.412331 0.044643 0.008772 0 0 0.00195 2
0.290677 0.058036 0.018947 0 0 0 2
0.241805 0.072857 0.001404 0 0.064 0.00001 2
0.14782 0.020893 0.004386 0 0.06 0.00087 2
0.186767 0.446429 0.04386 0 0 0.00017 2
0.259398 0.074464 0.002982 0 0.15 0 2
0.105263 0.181607 0.010175 0 0.07 0.00184 2
0.22812 0.013393 0.010175 0 0.11 0.0014 2
0.573985 0.232143 0.108246 0 0.0365 0 2
0.134135 0.011964 0.026316 0 0.08 0 2
0.304511 0.181607 0.03807 0 0.24 0 2
0.838346 0.214286 0 0 0 0 2
0.399699 0.290179 0.005789 0.029851 0.092007 0.00018 2
0.087669 0.02375 0.035088 0.014925 1 0.00002 2
0.033835 0.111607 0.002982 0.014925 0 0.00006 2
0.050075 0.008929 0.011754 0.059701 0.08 0.00008 2
0.263158 0.10125 0 0.074627 0.088 0.00146 2
0.171729 0.107143 0.04386 0.014925 0 0.00022 2
0.134135 0.028214 0.002982 0 0.072 0 2
0.403459 0.053571 0 0 0.15 0 2
0.12782 0.016429 0.004386 0 0.14 0.00055 2
0.12782 0.044643 0.114035 0 0.14 0 2
0.131579 0.004464 0.004386 0 0.1 0.0007 2
0.14782 0.063929 0.018947 0 0.068 0.00001 2
0.370977 0.025179 0.013158 0.029851 0.1125 0.005 2
0.192932 0.090714 0 0 0.09 0.0006 2
0.319549 0.089286 0.035088 0 0.105 0 2
0.100301 0.03875 0.052632 0 0.054 0.00007 2
0.235639 0.044643 0.061404 0 0.1 0 2
0.186767 0.029821 0.040877 0 0.05 0 2
0.299549 0.077321 0.052632 0 0.06 0 2
0.162857 0.044643 0.008772 0 0.055 0 2
0.209323 0.072857 0.008772 0 0.09 0.0005 2
0.357143 0.029821 0.001404 0 0.06 0.00005 2
0.532632 0.081786 0.010175 0 0.1 0.00003 2
0.298196 0.011964 0.002982 0 0.09 0 2
0.572632 0.107143 0.052632 0 0.09 0.00004 2
0.137895 0.113036 0.005789 0 0.08 0.01058 2
0.121504 0.055 0.002982 0 0.178 0 2
0.172932 0.035714 0.017544 0 0.1 0 2
0.674135 0.096786 0.084737 0 0.16 0 2
0.078947 0 0 0.059701 0.0225 0.00001 2
0.087669 0.020893 0 0.044776 0.175 0.00769 2
0.595188 0.005893 0 0 0.031 0.00027 2
0.201805 0.044643 0 0.014925 0.046 0.003 2
0.183008 0.03125 0.013158 0.029851 0.087 0.00003 2
0.140301 0 0.035088 0.164179 0 0 2
0.388421 0.178571 0 0.029851 0.0085 0.00001 2
0.253083 0.096786 0.004386 0 0.04 0 2
0.052632 0.107143 0.001404 0 0.08 0.0004 2
0.058947 0 0 0 0.043 0 2
0.267942 0.401786 0 0 0.092007 0.052 2
0.041353 0.004464 0.005789 0 0.066 0 2
0.204211 0.059464 0 0 0.17 0.00001 2
0.263158 0.040179 0 0.014925 0.048 0.00019 2
0.093985 0.25 0.017544 0 0 0 2
0.267942 0.107143 0.245614 0 0 0.00001 2
0.387218 0.058036 0.052632 0 0 0.00316 2
0.342105 0.151786 0.122807 0 0.227 0.0005 2
0.240602 0.02375 0.008772 0 0.15 0 2
0.581504 0.053571 0.131579 0 0 0.0035 2
0.337143 0.647321 0.002982 0 0.16 0.03552 2
0.313233 0 0 0 0.092007 0 2
0.239398 0.026786 0.001404 0 0.12 0 2
0.337143 0.196429 0.175439 0 0.105 0.00687 2
0.179248 0.010357 0.052632 0 0.08 0 2
0.161654 0.08625 0 0 0.06 0 2
0.155338 0.03125 0.002982 0.059701 0.127 0.0195 2
0.122857 0.017857 0.004386 0 0.18 0 2
0.343308 0.010357 0 0.149254 0.1 0.00018 2
0.139098 0.065536 0 0.014925 0.1 0.00053 2
0.20797 0.107143 0.097895 0.014925 0.14 0.0001 2
0.260601 0.110179 0.087719 0.029851 0.08 0.00041 2
0.250677 0.049107 0.001404 0.044776 0 0.00033 2
0.125263 0.083393 0.026316 0 0.09 0 2
0.038797 0.145893 0.014561 0 0.06 0 2
0.122857 0.416607 0.002982 0 0.16 0.00005 2
0.110226 0.147321 0.001404 0 0.07 0.001 2
0.055188 0.232143 0.004386 0 0.03 0.001 2
0.081504 0.142857 0.035088 0 0.18 0.01 2
0.10406 0.014821 0.004386 0 0 0.00044 2
0.195489 0.071429 0.026316 0 0.04 0 2
0.14782 0.029821 0.002982 0 0.11 0.00005 2
0.382256 0.089286 0.350877 0 0.1 0 2
0.135338 0.410714 0.014561 0 0 0 2
0.191729 0.096786 0.002982 0 0.04 0 2
0.047669 0.017857 0.005789 0.089552 0.12 0.00035 2
0.146617 0.113036 0.014561 0.014925 0.14 0.0008 2
0.053835 0.339286 0.061404 0.149254 0 0.0001 2
0.150376 0.014821 0.001404 0.029851 0.064 0.00006 2
0.314586 0.038571 0.040877 0 0.014 0 2
0.918496 0.678571 0.001404 0.029851 0 0.00351 2
0.216842 0.004464 0.002982 0 0.108 0.021 2
0.161654 0.47625 0.001404 0 0.06 0.00475 2
0.076391 0.126429 0 0 0.09 0.00001 2
0.474887 0.035714 0.004386 0 0.1315 0 2
0.131579 0.303571 0.061404 0.149254 0.04 0.0099 2
0.223008 0.059464 0.084737 0 0.22 0 2
0.472481 0.053571 0.087719 0 0.07 0 2
0.418496 0.0625 0.007368 0 0.08 0 2
0.651579 0.011964 0.035088 0 0.126 0.02197 2
0.631579 0.252857 0.236842 0.044776 0.05 0.0005 2
0.443609 0.900357 0.007368 0.014925 0.38 0.0009 2
0.174135 0.074464 0.096491 0 0.18 0.00001 2
0.162857 0.023929 0.061404 0 0.2 0 2
0.442406 0.080357 0.026316 0 0.28 0 2
0.408571 0.029821 0 0 0.065 0.00001 2
0.27188 0.089286 0.263158 0 0.2615 0 2
0.303308 0.056607 0 0 0.16 0 2
0.16797 0.044643 0 0 0.04 0 2
0.323308 0.113036 0.131579 0 0.34 0 2
0.308271 0.0625 0.008772 0 0.0815 0 2
1 0.196429 0.018947 0 0 0.0034 2
0.085263 0.053571 0.070175 0 0.05 0.0002 2
0.43609 0.107143 0.035088 0 0 0.002 2
0.089023 0.357143 0.029298 0 0.07 0 2
0.339549 0.135357 0.040877 0 0.1 0 2
0.245564 0.037143 0.017544 0.149254 0.066 0.00028 2
0.458647 0.392857 0.052632 0 0 0 2
0.14782 0.016429 0.092105 0.089552 0.104 0.00347 2
0.428571 0.0625 0 0 0.075 0.00001 2
0.241805 0.044643 0.008772 0 0.112 0 2
0.095188 0.008929 0.004386 0 0.1 0 2
0.145414 0.020893 0.002982 0 0.09 0 2
0.238045 0.0625 0.04386 0 0.14 0 2
0.279399 0.125 0.017544 0 0.116 0 2
0.267942 0.001429 0.149123 0 0.23 0 2
0.512481 0.14875 0.002982 0 0.26 0 2
0.093985 0.044643 0.004386 0 0.07 0.00004 2
0.20797 0.116071 0.178421 0.029851 0.1845 0.00001 2
0.12406 0.028214 0.010175 0.014925 0.21 0.00283 2
0.08391 0.389821 0.020526 0.029851 0.1 0.00007 2
0.369624 0.157679 0.004386 0 0.08 0 2
0.235639 0.044643 0.008772 0.029851 0.2 0.00108 2
0.134135 0.026786 0.055614 0.014925 0.2 0.00009 2
0.278196 0.5 0 0.029851 0.08 0.00001 2
0.238045 0.169643 0.070175 0.014925 0.23 0.00068 2
0.070226 0.371964 0.004386 0 0.06 0.00375 2
0.126617 0.080357 0.004386 0 0.08 0.0001 2
0.076391 0 0.023333 0 0.08 0.00001 2
0.117744 0.028214 0.023333 0 0.08 0 2
0.150376 0.428571 0.073158 0 0.04 0 2
0.12406 0.279821 0.005789 0 0.092007 0 2
0.33579 0.090714 0 0 0 0.01 2
0.233083 0.464286 0.017544 0 0.114 0 2
0.087669 0.02375 0.058421 0 0.11 0.00005 2
0.137895 0.044643 0.008772 0 0.06 0.00809 2
0.203008 0.010357 0.004386 0.014925 0.136 0.00108 2
0.37594 0.053571 0 0 0.038 0 2
0.280752 0.077321 0 0 0.06 0 2
0.150376 0.025357 0.008772 0.014925 0.12 0.00004 2
0.066466 0.087857 0.033684 0.029851 0.08 0.00587 2
0.408571 0.017857 0.017544 0 0.065 0 2
0.086466 0.342321 0.027719 0 0.04 0.0035 2
0.223008 0.129464 0.008772 0 0.05 0 2
0.328271 0.026786 0.052632 0 0.1155 0 2
0.307068 0.098214 0.087719 0 0.116 0.002 2
0.29203 0.080357 0.122807 0 0.1 0.00141 2
0.26812 0.026786 0.122807 0 0.16 0 2
0.582707 0.25 0.105263 0 0 0 2
0.337143 0.015 0.010175 0 0.1545 0.00002 2
0.354586 0.095179 0.005789 0 0 0.00501 2
0.106466 0.303571 0.005789 0 0 0.00351 2
0.155338 0.321429 0.008772 0 0 0 2
0.177895 0.011964 0.122807 0 0.17 0 2
0.322105 0.133929 0 0.089552 0 0.002 2
0.516241 0.133929 0.035088 0 0.05 0.00002 2
0.031278 0.272321 0.004386 0.014925 0 0.0016 2
0.131579 0.014821 0.011754 0 0.072 0 2
0.116541 0.410714 0.017544 0 0.05 0.00068 2
0.14782 0.029643 0.014561 0.014925 0.1 0.00011 2
0.110226 0.178571 0 0 0 0 2
0.179248 0.116071 0.080351 0.014925 0.208 0.00021 2
0.378496 0.059464 0.008772 0 0 0.0039 2
0.030075 0.013393 0.035088 0 0.06 0.00018 2
0.223008 0.133929 0.008772 0.014925 0.02 0.00154 2
0.12782 0.321429 0.002982 0 0 0 2
0.241805 0.125 0.005789 0 0.108 0 2
0.146617 0.053571 0.030702 0 0.08 0 2
0.275639 0.142857 0.052632 0 0.06 0 2
0.260601 0.053571 0.001404 0 0.08 0 2
0.27188 0.001429 0.001404 0 0 0 2
0.120301 0.419643 0.008772 0 0.09 0 2
0.062707 0.019286 0.061404 0.014925 0.04 0.00005 2
0.249323 0.017857 0.002982 0 0.126 0 2
0.572632 0.072857 0.052632 0 0.06 0.00001 2
0.502556 0.208393 0.192982 0 0.2325 0.0015 2
0.181654 0.458393 0.017544 0 0 0.00002 2
0.548872 0.029821 0.017544 0 0.12 0.00117 2
0.236842 0.071429 0.070175 0 0.128 0.00017 2
0.354586 0.089286 0.007368 0 0.13 0.00246 2
0.418496 0.037143 0.023333 0 0.12 0.00237 2
0.253083 0.380893 0.002982 0.179104 0.0645 0.00003 2
0.085263 0.258929 0.001404 0.014925 0.05 0.00001 2
0.062707 0.364643 0 0 0 0.0005 2
0.095188 0.044643 0 0 0 0 2
0.086466 0.010357 0.010175 0 0.14 0.00364 2
0.211729 0.035714 0.105263 0 0.088 0.00537 2
0.050075 0.1175 0.011754 0 0.07 0.00002 2
0.340902 0.026786 0.020526 0 0.12 0.00003 2
0.403459 0.1175 0.122807 0 0.2 0 2
0.110226 0.360179 0.04386 0 0.13 0 2
0.134135 0.026786 0.070175 0.029851 0.1 0.00394 2
0.172932 0.482143 0.070175 0.014925 0.1 0.00001 2
0.062707 0.007321 0.001404 0 0.14 0.0075 2
0.319549 0.120536 0.290877 0 0 0 2