0.242424 0.187500 1
0.878788 0.625000 1
0.818182 0.437500 1
0.787879 0.562500 1
0.606061 0.500000 1
0.090909 0.000000 1
0.666667 0.375000 1
0.151515 0.062500 1
0.333333 0.187500 1
0.878788 0.500000 1
0.666667 0.125000 1
0.787879 0.250000 1
0.848485 0.062500 1
0.787879 0.062500 1
0.666667 0.125000 1
0.303030 0.000000 1
0.969697 0.437500 1
0.696970 0.375000 1
0.636364 0.500000 1
0.696970 0.312500 1
0.303030 0.062500 1
0.242424 0.000000 1
0.909091 0.062500 1
0.696970 0.062500 1
0.969697 0.312500 1
0.727273 0.500000 1
0.666667 0.062500 1
0.393939 0.000000 1
0.242424 0.000000 1
0.818182 0.500000 1
0.454545 0.125000 1
0.454545 0.125000 1
0.303030 0.000000 1
0.515152 0.125000 1
0.242424 0.062500 1
0.787879 0.562500 1
0.818182 0.500000 1
0.272727 0.250000 1
0.787879 0.187500 1
0.363636 0.062500 1
0.363636 0.187500 1
0.939394 0.000000 1
0.969697 0.125000 1
0.727273 0.125000 1
0.363636 0.062500 1
0.272727 0.062500 1
0.484848 0.125000 1
0.878788 0.000000 1
0.303030 0.062500 1
0.303030 0.000000 1
0.454545 0.000000 1
1.000000 0.437500 1
0.727273 0.500000 1
0.545455 0.062500 1
0.606061 0.312500 1
0.121212 0.125000 1
0.818182 0.312500 1
0.636364 0.437500 1
0.151515 0.000000 1
1.000000 0.375000 1
0.787879 0.625000 1
0.121212 0.062500 1
0.939394 0.125000 1
0.181818 0.062500 1
0.333333 0.062500 1
0.242424 0.062500 1
0.848485 0.500000 1
0.424242 0.187500 1
0.212121 0.125000 1
0.272727 0.062500 1
0.939394 0.250000 1
0.969697 0.500000 1
0.393939 0.062500 1
0.393939 0.062500 1
0.151515 0.000000 1
0.151515 0.062500 1
0.393939 0.000000 1
0.878788 0.187500 1
0.515152 0.125000 1
0.666667 0.062500 1
0.242424 0.000000 1
1.000000 0.375000 1
0.242424 0.062500 1
0.363636 0.000000 1
0.424242 0.125000 1
0.515152 0.125000 1
0.272727 0.062500 1
0.575758 0.187500 1
0.333333 0.250000 1
0.242424 0.187500 1
0.272727 0.000000 1
0.909091 0.375000 1
0.303030 0.187500 1
0.666667 0.062500 1
0.939394 0.187500 1
0.757576 0.625000 1
0.757576 0.062500 1
0.363636 0.312500 1
0.030303 0.187500 1
0.333333 0.312500 1
0.333333 0.250000 1
0.090909 0.000000 1
0.333333 0.187500 1
0.303030 0.250000 1
0.212121 0.125000 1
0.727273 0.187500 1
0.181818 0.000000 1
0.848485 0.250000 1
0.393939 0.125000 1
0.303030 0.187500 1
0.878788 0.062500 1
0.484848 0.437500 1
0.151515 0.062500 1
0.454545 0.250000 1
0.151515 0.000000 1
0.636364 0.062500 1
0.545455 0.187500 1
0.848485 0.062500 1
1.000000 0.312500 1
0.303030 0.125000 1
0.666667 0.062500 1
0.606061 0.312500 1
0.303030 0.125000 1
0.121212 0.062500 1
0.848485 0.187500 1
0.454545 0.125000 1
0.878788 0.062500 1
0.606061 0.125000 1
0.818182 0.125000 1
0.272727 0.000000 1
0.969697 0.187500 1
0.424242 0.000000 1
0.969697 0.500000 1
0.363636 0.062500 1
0.303030 0.062500 1
0.303030 0.187500 1
0.242424 0.125000 1
0.151515 0.125000 1
0.424242 0.125000 1
0.121212 0.062500 1
0.515152 0.125000 1
0.424242 0.000000 1
0.939394 0.062500 1
0.575758 0.125000 1
0.424242 0.125000 1
0.515152 0.187500 1
0.878788 0.250000 1
0.757576 0.125000 1
0.484848 0.062500 1
0.818182 0.312500 1
0.848485 0.187500 1
0.151515 0.250000 1
0.848485 0.125000 1
0.212121 0.125000 1
0.939394 0.250000 1
0.939394 0.437500 1
0.575758 0.125000 1
0.484848 0.250000 1
0.878788 0.312500 1
0.181818 0.125000 1
0.212121 0.187500 1
0.424242 0.000000 1
0.848485 0.000000 1
0.727273 0.062500 1
0.545455 0.250000 1
0.636364 0.062500 1
1.000000 0.312500 1
0.303030 0.062500 1
0.181818 0.000000 1
0.121212 0.000000 1
0.939394 0.250000 1
1.000000 0.500000 1
0.181818 0.062500 1
0.181818 0.125000 1
0.272727 0.125000 1
0.484848 0.000000 1
0.363636 0.000000 1
0.424242 0.250000 1
0.878788 0.125000 1
1.000000 0.625000 1
0.545455 0.125000 1
0.272727 0.062500 1
0.787879 0.750000 1
0.969697 0.187500 1
0.575758 0.312500 1
0.515152 0.062500 1
0.121212 0.000000 1
0.606061 0.250000 1
0.090909 0.125000 1
0.333333 0.187500 1
0.424242 0.250000 1
0.454545 0.187500 1
0.848485 0.687500 1
0.242424 0.125000 1
0.060606 0.000000 1
0.878788 0.375000 1
0.272727 0.187500 1
0.606061 0.375000 1
0.424242 0.312500 1
0.484848 0.125000 1
0.787879 0.687500 1
0.181818 0.000000 1
0.606061 0.125000 1
0.333333 0.125000 1
0.727273 0.062500 1
0.181818 0.125000 1
0.303030 0.000000 1
0.454545 0.000000 1
0.484848 0.062500 1
0.545455 0.187500 1
0.727273 0.062500 1
0.878788 0.062500 1
0.303030 0.187500 1
0.969697 0.312500 1
0.818182 0.500000 1
0.333333 0.125000 1
0.787879 0.062500 1
0.545455 0.500000 1
0.484848 0.250000 1
0.454545 0.125000 1
0.181818 0.062500 1
0.333333 0.000000 1
0.636364 0.125000 1
0.181818 0.000000 1
0.939394 0.250000 1
0.484848 0.250000 1
0.636364 0.125000 1
0.878788 0.062500 1
0.939394 0.500000 1
0.363636 0.000000 1
0.969697 0.250000 1
0.303030 0.062500 1
0.151515 0.000000 1
0.121212 0.062500 1
0.696970 0.312500 1
0.333333 0.062500 1
0.636364 0.312500 1
0.242424 0.062500 1
0.696970 0.375000 1
0.121212 0.062500 1
0.090909 0.062500 1
0.727273 0.250000 1
0.757576 0.250000 1
0.181818 0.125000 1
0.484848 0.250000 1
0.545455 0.125000 1
0.545455 0.125000 1
0.212121 0.125000 1
0.333333 0.062500 1
0.909091 0.687500 1
0.545455 0.187500 1
0.515152 0.312500 1
0.272727 0.062500 1
0.303030 0.062500 1
0.969697 0.250000 1
0.606061 0.125000 1
0.666667 0.125000 1
0.848485 0.437500 1
0.848485 0.062500 1
0.696970 0.062500 1
0.939394 0.437500 1
0.818182 0.312500 1
0.393939 0.187500 1
0.181818 0.000000 1
0.454545 0.312500 1
0.181818 0.000000 1
0.878788 0.375000 1
0.787879 0.625000 1
0.666667 0.437500 1
0.939394 0.375000 1
0.424242 0.125000 1
0.363636 0.062500 1
0.272727 0.062500 1
1.000000 0.375000 1
0.212121 0.125000 1
0.575758 0.062500 1
0.939394 0.312500 1
0.575758 0.000000 1
0.848485 0.375000 1
0.969697 0.187500 1
0.818182 0.375000 1
0.151515 0.125000 1
0.181818 0.000000 1
0.757576 0.312500 1
0.393939 0.125000 1
0.848485 0.312500 1
0.181818 0.000000 1
0.212121 0.250000 1
0.181818 0.000000 1
0.575758 0.000000 1
0.242424 0.062500 1
0.606061 0.250000 1
0.939394 0.125000 1
0.727273 0.187500 1
0.393939 0.062500 1
1.000000 0.375000 1
1.000000 0.562500 1
0.939394 0.125000 1
0.363636 0.187500 1
0.303030 0.062500 1
0.393939 0.437500 1
0.393939 0.000000 1
0.272727 0.062500 1
0.242424 0.125000 1
0.212121 0.062500 1
0.212121 0.125000 1
0.848485 0.125000 1
0.696970 0.375000 1
0.151515 0.000000 1
0.181818 0.125000 1
0.939394 0.187500 1
0.606061 0.125000 1
0.272727 0.125000 1
0.727273 0.125000 1
0.606061 0.000000 1
0.636364 0.312500 1
0.363636 0.125000 1
0.424242 0.312500 1
0.000000 0.062500 1
0.484848 0.250000 1
0.727273 0.187500 1
0.727273 0.125000 1
0.878788 0.125000 1
0.151515 0.000000 1
0.363636 0.062500 1
0.272727 0.062500 1
0.848485 0.250000 1
0.575758 0.125000 1
1.000000 0.250000 1
0.696970 0.062500 1
0.484848 0.062500 1
0.575758 0.000000 1
0.151515 0.062500 1
0.939394 0.062500 1
0.333333 0.062500 1
0.454545 0.500000 1
0.545455 0.000000 1
0.424242 0.187500 1
0.272727 0.000000 1
0.363636 0.187500 1
0.424242 0.250000 1
0.787879 0.500000 1
0.212121 0.000000 1
0.878788 0.187500 1
0.151515 0.062500 1
0.363636 0.062500 1
0.515152 0.062500 1
0.484848 0.250000 1
0.272727 0.187500 1
0.272727 0.062500 1
0.090909 0.125000 1
0.727273 0.375000 1
0.242424 0.125000 1
0.484848 0.062500 1
0.575758 0.500000 1
0.333333 0.062500 1
0.212121 0.125000 1
0.181818 0.250000 1
1.000000 0.000000 1
0.272727 0.000000 1
0.060606 0.062500 1
0.818182 0.250000 1
0.636364 0.000000 1
0.424242 0.125000 1
0.393939 0.000000 1
0.121212 0.187500 1
0.787879 0.187500 1
0.212121 0.062500 1
0.545455 0.437500 1
0.212121 0.375000 1
0.666667 0.312500 1
0.636364 0.250000 1
0.030303 0.062500 1
0.696970 0.187500 1
1.000000 0.000000 1
0.212121 0.125000 1
0.727273 0.187500 1
0.484848 0.312500 1
0.060606 0.062500 1
0.909091 0.500000 1
0.636364 0.375000 1
0.666667 0.312500 1
0.636364 0.125000 1
0.272727 0.062500 1
0.666667 0.312500 1
0.696970 0.125000 1
0.848485 0.187500 1
0.090909 0.000000 1
0.363636 0.062500 1
0.121212 0.062500 1
0.515152 0.000000 1
0.515152 0.312500 1
0.939394 0.375000 1
0.272727 0.000000 1
0.393939 0.000000 1
0.636364 0.125000 1
1.000000 0.375000 1
0.969697 0.500000 1
0.090909 0.000000 1
0.909091 0.187500 1
0.696970 0.125000 1
0.424242 0.312500 1
0.727273 0.500000 1
0.818182 0.062500 1
0.393939 0.250000 1
0.212121 0.125000 1
0.242424 0.187500 1
0.939394 0.125000 1
0.575758 0.125000 1
0.090909 0.062500 1
0.878788 0.250000 1
0.787879 0.125000 1
0.939394 0.062500 1
0.272727 0.125000 1
0.121212 0.187500 1
0.575758 0.375000 1
0.757576 0.687500 1
0.333333 0.062500 1
0.272727 0.000000 1
0.212121 0.125000 1
0.969697 0.062500 1
0.212121 0.000000 1
0.454545 0.125000 1
1.000000 0.062500 1
0.787879 0.125000 1
0.303030 0.187500 1
0.151515 0.062500 1
0.393939 0.250000 1
0.666667 0.750000 1
0.272727 0.125000 1
0.181818 0.000000 1
0.121212 0.000000 1
0.575758 0.062500 1
0.484848 0.062500 1
0.666667 0.187500 1
0.333333 0.250000 1
0.757576 0.062500 1
0.363636 0.000000 1
0.212121 0.062500 1
0.333333 0.062500 1
0.515152 0.125000 1
0.696970 0.312500 1
0.757576 0.312500 1
0.727273 0.500000 1
0.818182 0.625000 1
0.575758 0.375000 1
0.484848 0.000000 1
1.000000 0.250000 1
0.939394 0.250000 1
0.787879 0.062500 1
0.969697 0.250000 1
0.787879 0.187500 1
0.636364 0.125000 1
0.212121 0.062500 1
0.242424 0.000000 1
0.818182 0.187500 1
0.242424 0.125000 1
0.393939 0.000000 1
0.878788 0.000000 1
0.454545 0.187500 1
0.848485 0.562500 1
0.363636 0.062500 1
0.363636 0.062500 1
0.515152 0.000000 1
0.818182 0.375000 1
0.545455 0.250000 1
0.606061 0.125000 1
0.181818 0.000000 1
0.575758 0.500000 1
0.272727 0.062500 1
0.818182 0.500000 1
0.909091 0.500000 1
0.333333 0.125000 1
0.424242 0.437500 1
0.272727 0.062500 1
0.787879 0.062500 1
0.424242 0.062500 1
0.333333 0.250000 1
0.878788 0.687500 1
0.393939 0.125000 1
0.606061 0.062500 1
1.000000 0.500000 1
0.939394 0.437500 1
0.424242 0.250000 1
0.242424 0.125000 1
0.969697 0.375000 1
0.939394 0.125000 1
0.242424 0.062500 1
0.969697 0.312500 1
0.666667 0.500000 1
0.878788 0.000000 1
0.818182 0.187500 1
0.515152 0.312500 1
0.636364 0.437500 1
0.606061 0.375000 1
0.272727 0.187500 1
1.000000 0.375000 1
0.424242 0.062500 1
0.575758 0.312500 1
0.363636 0.000000 1
0.424242 0.000000 1
0.333333 0.125000 1
0.878788 0.500000 1
0.909091 0.312500 1
0.363636 0.000000 1
0.151515 0.000000 1
0.121212 0.125000 1
0.363636 0.312500 1
0.272727 0.062500 1
0.666667 0.375000 1
0.121212 0.062500 1
0.242424 0.125000 1
0.696970 0.062500 1
0.272727 0.062500 1
0.212121 0.250000 1
0.242424 0.062500 1
0.303030 0.187500 1
0.121212 0.125000 1
0.454545 0.062500 1
0.181818 0.000000 1
0.606061 0.375000 1
0.878788 0.000000 1
0.939394 0.437500 1
0.424242 0.062500 1
0.575758 0.187500 1
0.545455 0.562500 1
0.363636 0.062500 1
0.060606 0.062500 1
0.272727 0.125000 1
0.333333 0.000000 1
0.151515 0.062500 1
0.090909 0.062500 1
0.303030 0.000000 1
0.363636 0.312500 1
0.666667 0.250000 1
0.696970 0.625000 1
0.878788 0.375000 1
0.424242 0.250000 1
0.939394 0.125000 1
0.666667 0.375000 1
0.787879 0.312500 1
0.454545 0.125000 1
0.848485 0.125000 1
0.787879 0.187500 1
0.363636 0.125000 1
0.545455 0.375000 1
0.878788 0.437500 1
0.818182 0.312500 1
0.363636 0.000000 1
0.333333 0.000000 1
0.303030 0.062500 1
0.303030 0.062500 1
0.636364 0.250000 1
0.969697 0.687500 1
0.939394 0.750000 1
0.181818 0.062500 1
0.969697 0.062500 1
0.787879 0.750000 1
0.484848 0.187500 1
0.515152 0.187500 1
0.878788 0.062500 1
0.303030 0.062500 1
0.878788 0.062500 1
0.272727 0.062500 1
0.606061 0.187500 1
0.454545 0.125000 1
0.181818 0.125000 1
0.909091 0.625000 1
0.303030 0.187500 1
0.272727 0.062500 1
0.121212 0.000000 1
0.454545 0.187500 1
0.606061 0.187500 1
0.939394 0.312500 1
0.818182 0.125000 1
0.121212 0.000000 1
0.242424 0.250000 1
0.515152 0.187500 1
0.757576 0.187500 1
0.969697 0.250000 1
0.484848 0.062500 1
0.666667 0.250000 1
0.969697 0.500000 1
0.545455 0.250000 1
0.454545 0.375000 1
0.909091 0.437500 1
0.878788 0.437500 1
0.545455 0.250000 1
0.000000 0.062500 1
0.060606 0.062500 1
0.181818 0.062500 1
0.484848 0.125000 1
0.757576 0.187500 1
0.181818 0.125000 1
0.212121 0.000000 1
0.181818 0.000000 1
0.727273 0.375000 1
0.393939 0.062500 1
0.787879 0.000000 1
0.393939 0.125000 1
0.454545 0.062500 1
0.363636 0.187500 1
0.151515 0.000000 1
0.303030 0.125000 1
0.636364 0.000000 1
0.242424 0.125000 1
0.272727 0.000000 1
0.181818 0.000000 1
0.878788 0.062500 1
0.939394 0.062500 1
0.363636 0.312500 1
0.242424 0.250000 1
0.545455 0.375000 1
0.939394 0.312500 1
0.454545 0.125000 1
0.303030 0.062500 1
0.272727 0.187500 1
0.939394 0.250000 1
0.969697 0.500000 1
0.666667 0.625000 1
0.484848 0.250000 1
0.939394 0.125000 1
0.333333 0.187500 1
0.727273 0.000000 1
0.909091 0.375000 1
0.515152 0.187500 1
1.000000 0.312500 1
0.151515 0.187500 1
0.454545 0.000000 1
0.515152 0.375000 2
0.909091 0.312500 2
0.575758 0.250000 2
0.303030 0.125000 2
0.606061 0.312500 2
0.636364 0.187500 2
0.848485 0.250000 2
0.484848 0.125000 2
0.272727 0.375000 2
0.787879 0.437500 2
0.424242 0.125000 2
0.696970 0.250000 2
0.303030 0.125000 2
0.424242 0.187500 2
0.666667 0.250000 2
0.212121 0.062500 2
0.060606 0.062500 2
0.272727 0.187500 2
0.636364 0.125000 2
0.121212 0.062500 2
0.878788 0.437500 2
0.363636 0.125000 2
0.515152 0.187500 2
0.363636 0.125000 2
0.424242 0.062500 2
0.484848 0.250000 2
0.969697 0.437500 2
0.909091 0.125000 2
0.484848 0.125000 2
1.000000 0.625000 2
0.515152 0.375000 2
0.696970 0.187500 2
0.575758 0.312500 2
0.606061 0.187500 2
0.121212 0.062500 2
0.212121 0.062500 2
0.303030 0.125000 2
0.272727 0.062500 2
0.454545 0.062500 2
0.606061 0.125000 2
0.484848 0.125000 2
0.606061 0.187500 2
0.727273 0.187500 2
0.909091 0.250000 2
0.787879 0.500000 2
0.696970 0.250000 2
0.545455 0.125000 2
0.606061 0.187500 2
0.636364 0.187500 2
0.606061 0.250000 2
0.666667 0.125000 2
0.333333 0.062500 2
0.636364 0.500000 2
0.242424 0.062500 2
0.787879 0.500000 2
0.454545 0.187500 2
0.545455 0.125000 2
0.545455 0.250000 2
0.606061 0.250000 2
0.939394 0.500000 2
0.545455 0.187500 2
0.848485 0.375000 2
0.151515 0.062500 2
0.787879 0.375000 2
0.848485 0.250000 2
0.090909 0.062500 2
0.575758 0.437500 2
0.242424 0.062500 2
0.484848 0.437500 2
0.454545 0.125000 2
0.939394 0.687500 2
0.666667 0.375000 2
0.727273 0.250000 2
0.575758 0.250000 2
0.303030 0.187500 2
0.212121 0.187500 2
0.727273 0.375000 2
0.636364 0.187500 2
0.696970 0.312500 2
0.272727 0.125000 2
0.969697 0.250000 2
0.454545 0.187500 2
0.303030 0.062500 2
0.848485 0.312500 2
0.393939 0.062500 2
0.606061 0.375000 2
0.393939 0.125000 2
0.636364 0.437500 2
0.363636 0.187500 2
0.727273 0.375000 2
0.515152 0.250000 2
0.181818 0.062500 2
0.575758 0.312500 2
0.484848 0.187500 2
0.575758 0.312500 2
0.393939 0.125000 2
0.212121 0.125000 2
0.575758 0.125000 2
0.606061 0.187500 2
0.484848 0.125000 2
0.424242 0.250000 2
0.606061 0.250000 2
0.515152 0.187500 2
0.515152 0.312500 2
0.818182 0.812500 2
0.575758 0.375000 2
0.666667 0.312500 2
0.272727 0.250000 2
0.303030 0.125000 2
0.242424 0.062500 2
0.181818 0.062500 2
0.515152 0.312500 2
0.878788 0.437500 2
0.393939 0.125000 2
0.939394 0.437500 2
0.606061 0.375000 2
0.878788 0.500000 2
0.939394 0.375000 2
0.818182 0.125000 2
0.848485 0.437500 2
0.242424 0.125000 2
0.363636 0.125000 2
0.545455 0.312500 2
0.454545 0.250000 2
0.333333 0.187500 2
0.333333 0.062500 2
0.303030 0.062500 2
0.606061 0.437500 2
0.575758 0.250000 2
0.666667 0.375000 2
0.848485 0.437500 2
0.272727 0.062500 2
0.272727 0.125000 2
0.757576 0.250000 2
0.757576 0.312500 2
0.242424 0.062500 2
0.515152 0.187500 2
0.393939 0.187500 2
0.939394 0.250000 2
0.363636 0.250000 2
0.151515 0.062500 2
0.484848 0.375000 2
0.424242 0.125000 2
0.636364 0.312500 2
0.393939 0.250000 2
0.666667 0.187500 2
1.000000 0.687500 2
0.757576 0.312500 2
0.818182 0.312500 2
0.939394 0.625000 2
0.181818 0.062500 2
0.333333 0.062500 2
0.545455 0.125000 2
0.787879 0.250000 2
0.696970 0.187500 2
0.606061 0.187500 2
0.151515 0.062500 2
0.606061 0.250000 2
0.272727 0.062500 2
0.757576 0.250000 2
0.484848 0.250000 2
0.757576 0.250000 2
0.818182 0.187500 2
0.575758 0.187500 2
0.242424 0.125000 2
0.818182 0.375000 2
0.969697 0.437500 2
0.363636 0.125000 2
0.242424 0.062500 2
0.787879 0.187500 2
0.696970 0.187500 2
0.242424 0.062500 2
0.515152 0.312500 2
0.393939 0.125000 2
0.848485 0.312500 2
0.030303 0.062500 2
0.575758 0.187500 2
0.484848 0.312500 2
0.333333 0.125000 2
0.848485 0.250000 2
0.787879 0.312500 2
0.727273 0.375000 2
0.848485 0.187500 2
0.515152 0.312500 2
0.575758 0.187500 2
0.454545 0.125000 2
0.636364 0.187500 2
0.878788 0.187500 2
0.303030 0.125000 2
0.727273 0.125000 2
0.424242 0.062500 2
0.606061 0.187500 2
0.515152 0.187500 2
0.757576 0.312500 2
0.878788 0.375000 2
0.969697 0.375000 2
0.575758 0.187500 2
0.636364 0.250000 2
0.909091 0.187500 2
0.666667 0.250000 2
0.424242 0.437500 2
0.787879 0.437500 2
0.575758 0.375000 2
0.545455 0.375000 2
0.636364 0.250000 2
0.666667 0.375000 2
0.424242 0.125000 2
0.909091 0.250000 2
0.454545 0.187500 2
0.757576 0.375000 2
0.757576 0.437500 2
0.484848 0.125000 2
0.848485 0.250000 2
0.696970 0.250000 2
0.696970 0.312500 2
0.878788 0.250000 2
0.515152 0.187500 2
0.696970 0.187500 2
0.848485 0.187500 2
0.545455 0.375000 2
0.515152 0.312500 2
0.545455 0.500000 2
0.333333 0.312500 2
0.939394 0.500000 2
0.272727 0.187500 2
0.242424 0.312500 2
0.757576 0.250000 2
0.787879 0.250000 2
0.575758 0.187500 2
0.454545 0.250000 2
0.787879 0.375000 2
1.000000 0.250000 2
0.151515 0.062500 2
0.363636 0.187500 2
0.181818 0.062500 2
0.606061 0.187500 2
0.878788 0.562500 2
0.727273 0.250000 2
0.424242 0.437500 2
0.575758 0.312500 2
0.303030 0.125000 2
0.878788 0.187500 2
0.333333 0.125000 2
0.484848 0.250000 2
0.333333 0.187500 2
0.363636 0.125000 2
0.424242 0.187500 2
0.545455 0.250000 2
0.303030 0.187500 2
0.848485 0.125000 2
0.393939 0.187500 2
0.303030 0.125000 2
0.757576 0.500000 2
0.484848 0.250000 2
0.212121 0.062500 2
0.666667 0.250000 2
0.181818 0.062500 2
0.545455 0.187500 2
0.666667 0.437500 2
0.151515 0.062500 2
0.818182 0.250000 2
0.848485 0.562500 2
0.242424 0.062500 2
0.333333 0.062500 2
0.545455 0.250000 2
0.393939 0.125000 2
0.303030 0.062500 2
0.636364 0.437500 2
0.151515 0.187500 2
0.939394 0.250000 2
0.757576 0.187500 2
0.393939 0.187500 2
0.272727 0.062500 2
0.515152 0.125000 2
0.212121 0.062500 2
0.484848 0.250000 2
0.878788 0.187500 2
0.636364 0.250000 2
0.575758 0.250000 2
0.636364 0.187500 2
0.575758 0.312500 2
0.212121 0.062500 2
0.666667 0.500000 2
0.757576 0.250000 2
0.575758 0.562500 2
0.393939 0.187500 2
0.303030 0.125000 2
0.181818 0.125000 2
0.424242 0.312500 2
0.606061 0.187500 2
0.303030 0.187500 2
0.484848 0.125000 2
0.696970 0.187500 2
0.393939 0.187500 2
0.727273 0.312500 2
0.818182 0.375000 2
0.848485 0.375000 2
0.242424 0.125000 2
0.787879 0.187500 2
0.515152 0.125000 2
0.242424 0.062500 2
0.363636 0.125000 2
0.484848 0.312500 2
0.303030 0.250000 2
0.333333 0.062500 2
0.757576 0.187500 2
0.363636 0.125000 2
0.212121 0.062500 2
0.454545 0.250000 2
0.515152 0.187500 2
0.575758 0.312500 2
0.696970 0.312500 2
0.333333 0.125000 2
0.969697 0.187500 2
0.272727 0.125000 2
0.666667 0.250000 2
0.969697 0.437500 2
0.545455 0.250000 2
0.606061 0.250000 2
0.545455 0.187500 2
0.787879 0.250000 2
0.878788 0.312500 2
0.636364 0.250000 2
0.666667 0.187500 2
0.787879 0.250000 2
0.787879 0.312500 2
0.757576 0.375000 2
0.818182 0.312500 2
0.545455 0.125000 2
0.848485 0.062500 2
0.757576 0.250000 2
0.606061 0.187500 2
0.545455 0.312500 2
0.393939 0.250000 3
0.333333 0.312500 3
0.727273 0.312500 3
0.424242 0.375000 3
0.242424 0.062500 3
0.606061 0.125000 3
0.030303 0.062500 3
0.363636 0.250000 3
0.333333 0.062500 3
0.151515 0.062500 3
0.424242 0.250000 3
0.969697 1.000000 3
0.393939 0.187500 3
0.393939 0.125000 3
0.121212 0.125000 3
0.363636 0.062500 3
0.484848 0.312500 3
0.333333 0.062500 3
0.272727 0.062500 3
0.818182 0.187500 3
0.575758 0.125000 3
0.424242 0.062500 3
0.393939 0.187500 3
0.515152 0.500000 3
0.636364 0.312500 3
0.333333 0.187500 3
0.515152 0.187500 3
0.575758 0.375000 3
0.121212 0.125000 3
0.303030 0.187500 3
0.242424 0.125000 3
0.878788 0.187500 3
0.545455 0.250000 3
1.000000 0.812500 3
0.515152 0.312500 3
0.515152 0.500000 3
0.242424 0.187500 3
0.424242 0.250000 3
0.333333 0.250000 3
0.212121 0.062500 3
0.575758 0.250000 3
0.575758 0.062500 3
0.727273 0.125000 3
0.393939 0.062500 3
0.515152 0.187500 3
0.606061 0.375000 3
0.606061 0.250000 3
0.757576 0.062500 3
0.666667 0.187500 3
0.393939 0.187500 3
0.090909 0.062500 3
0.545455 0.125000 3
0.303030 0.187500 3
0.181818 0.062500 3
0.787879 0.437500 3
0.333333 0.125000 3
0.333333 0.125000 3
0.696970 0.062500 3
0.151515 0.062500 3
0.606061 0.437500 3
0.393939 0.312500 3
0.393939 0.250000 3
0.181818 0.125000 3
0.121212 0.062500 3
0.515152 0.250000 3
0.333333 0.187500 3
0.272727 0.187500 3
0.272727 0.125000 3
0.484848 0.250000 3
0.696970 0.125000 3
0.454545 0.187500 3
0.303030 0.250000 3
0.424242 0.437500 3
0.818182 0.312500 3
0.545455 0.250000 3
0.818182 0.187500 3
0.484848 0.187500 3
0.757576 0.312500 3
0.484848 0.187500 3
0.909091 0.250000 3
0.727273 0.187500 3
0.151515 0.062500 3
0.484848 0.187500 3
0.272727 0.062500 3
0.242424 0.062500 3
0.151515 0.062500 3
0.181818 0.062500 3
0.484848 0.250000 3
0.424242 0.125000 3
0.272727 0.125000 3
0.454545 0.375000 3
0.090909 0.062500 3
0.515152 0.437500 3
0.242424 0.125000 3
0.090909 0.187500 3
0.333333 0.312500 3
0.484848 0.125000 3
0.484848 0.125000 3
0.393939 0.312500 3
0.212121 0.062500 3
0.545455 0.437500 3
0.333333 0.062500 3
0.636364 0.250000 3
0.303030 0.250000 3
0.454545 0.437500 3
0.848485 0.687500 3
0.575758 0.250000 3
0.212121 0.125000 3
0.242424 0.125000 3
0.242424 0.125000 3
0.696970 0.187500 3
0.515152 0.250000 3
0.242424 0.125000 3
0.575758 0.250000 3
0.575758 0.375000 3
0.545455 0.125000 3
0.969697 0.187500 3
0.363636 0.062500 3
0.303030 0.062500 3
0.818182 0.500000 3
0.363636 0.312500 3
0.181818 0.187500 3
0.303030 0.187500 3
0.424242 0.250000 3
0.666667 0.312500 3
0.848485 0.500000 3
0.272727 0.062500 3
0.545455 0.187500 3
0.303030 0.187500 3
0.121212 0.125000 3
0.696970 0.125000 3
0.333333 0.250000 3
0.484848 0.125000 3
0.969697 0.500000 3
0.696970 0.250000 3
0.636364 0.187500 3
0.515152 0.125000 3
0.484848 0.187500 3
0.272727 0.125000 3
0.636364 0.187500 3
0.727273 0.250000 3
0.666667 0.375000 3
0.606061 0.250000 3
0.333333 0.187500 3
0.181818 0.125000 3
0.181818 0.125000 3
0.424242 0.187500 3
0.121212 0.125000 3
0.545455 0.125000 3
0.454545 0.312500 3
0.424242 0.187500 3
0.848485 0.312500 3
0.242424 0.187500 3
0.090909 0.125000 3
0.363636 0.312500 3
0.333333 0.062500 3
0.393939 0.187500 3
0.636364 0.187500 3
0.484848 0.500000 3
0.151515 0.062500 3
0.515152 0.437500 3
0.212121 0.125000 3
0.606061 0.312500 3
0.515152 0.187500 3
0.575758 0.125000 3
0.272727 0.250000 3
0.393939 0.250000 3
0.212121 0.062500 3
0.090909 0.062500 3
0.575758 0.375000 3
0.272727 0.187500 3
0.727273 0.375000 3
0.030303 0.062500 3
0.272727 0.187500 3
0.242424 0.062500 3
0.212121 0.062500 3
0.272727 0.187500 3
0.424242 0.250000 3
0.454545 0.187500 3
0.303030 0.125000 3
0.363636 0.125000 3
0.424242 0.187500 3
0.393939 0.312500 3
0.242424 0.250000 3
0.303030 0.125000 3
0.272727 0.187500 3
0.575758 0.187500 3
0.181818 0.062500 3
0.090909 0.062500 3
0.393939 0.312500 3
0.151515 0.125000 3
0.151515 0.062500 3
0.757576 0.562500 3
0.636364 0.187500 3
0.333333 0.187500 3
0.303030 0.125000 3
0.636364 0.375000 3
0.272727 0.187500 3
0.484848 0.187500 3
0.545455 0.250000 3
0.212121 0.125000 3
0.363636 0.125000 3
0.242424 0.062500 3
0.484848 0.250000 3
0.181818 0.187500 3
0.272727 0.062500 3
0.272727 0.125000 3
0.666667 0.187500 3
0.515152 0.125000 3
0.757576 0.500000 3
0.393939 0.250000 3
0.181818 0.062500 3
0.393939 0.375000 3
0.303030 0.187500 3
0.363636 0.187500 3
0.333333 0.062500 3
0.393939 0.125000 3
0.242424 0.125000 3
0.393939 0.187500 3
0.666667 0.437500 3
0.212121 0.125000 3
0.121212 0.062500 3
0.484848 0.250000 3
0.272727 0.125000 3
0.303030 0.187500 3
0.212121 0.187500 3
0.212121 0.187500 3
0.363636 0.312500 3
0.181818 0.187500 3
0.363636 0.250000 3
0.303030 0.187500 3
0.303030 0.125000 3
0.242424 0.187500 3
0.393939 0.187500 3
0.393939 0.250000 3
0.787879 0.312500 3
0.333333 0.125000 3
0.575758 0.312500 3
0.151515 0.062500 3
0.151515 0.062500 3
0.181818 0.062500 3
0.363636 0.250000 3
0.181818 0.062500 3
0.212121 0.062500 3
0.363636 0.125000 3
0.424242 0.187500 3
0.272727 0.187500 3
0.515152 0.250000 3
0.515152 0.375000 3
0.424242 0.125000 3
0.181818 0.062500 3
0.666667 0.125000 3
0.575758 0.125000 3
0.545455 0.250000 3
0.696970 0.125000 3
0.939394 0.250000 3
0.666667 0.125000 3
0.818182 0.312500 3
0.151515 0.062500 3
0.424242 0.125000 3
0.333333 0.125000 3
0.181818 0.062500 3
0.272727 0.187500 3
0.181818 0.125000 3
0.363636 0.250000 3
0.272727 0.125000 3
0.303030 0.125000 3
0.454545 0.187500 3
0.484848 0.250000 3
0.575758 0.375000 3
0.242424 0.312500 3
0.363636 0.125000 3
0.606061 0.187500 3
0.939394 0.312500 3
0.303030 0.125000 3
0.181818 0.125000 3
0.424242 0.125000 3
0.757576 0.312500 3
0.090909 0.062500 3
0.878788 0.125000 3
0.575758 0.312500 3
0.151515 0.062500 3
0.484848 0.375000 3
0.484848 0.312500 3
0.909091 0.375000 3
0.757576 0.375000 3
0.606061 0.187500 3
0.636364 0.187500 3
0.636364 0.250000 3
0.575758 0.187500 3
0.393939 0.250000 3
0.363636 0.125000 3
0.909091 0.250000 3
0.545455 0.187500 3
0.818182 0.125000 3
0.363636 0.187500 3
0.363636 0.187500 3
0.545455 0.375000 3
0.333333 0.250000 3
0.606061 0.375000 3
0.030303 0.000000 3
0.151515 0.062500 3
0.272727 0.062500 3
0.212121 0.125000 3
0.272727 0.062500 3
0.575758 0.250000 3
0.484848 0.250000 3
0.636364 0.312500 3
0.454545 0.250000 3
0.272727 0.187500 3
0.303030 0.250000 3
0.696970 0.125000 3
0.151515 0.125000 3
0.575758 0.562500 3
0.121212 0.062500 3
0.727273 0.312500 3
0.757576 0.437500 3
0.606061 0.500000 3
0.727273 0.187500 3
0.484848 0.187500 3
0.242424 0.250000 3
0.121212 0.062500 3
0.484848 0.250000 3
0.181818 0.187500 3
0.424242 0.250000 3
0.454545 0.187500 3
0.575758 0.312500 3
0.666667 0.125000 3
0.454545 0.062500 3
0.272727 0.125000 3
0.424242 0.125000 3
0.181818 0.125000 3
0.454545 0.187500 3
0.393939 0.187500 3
0.393939 0.187500 3
0.666667 0.187500 3
0.181818 0.125000 3
0.878788 0.187500 3
0.303030 0.187500 3
0.636364 0.187500 3
0.606061 0.187500 3
0.515152 0.125000 3
0.484848 0.187500 3
0.575758 0.250000 3
0.272727 0.062500 3
0.454545 0.187500 3
0.272727 0.312500 3
0.303030 0.312500 3
0.212121 0.187500 3
0.363636 0.187500 3
0.545455 0.187500 3
0.909091 0.562500 3
0.272727 0.062500 3
0.151515 0.187500 3
0.272727 0.250000 3
0.363636 0.375000 3
0.606061 0.687500 3
0.909091 0.562500 3
0.484848 0.312500 3
0.545455 0.375000 3
0.242424 0.125000 3
0.151515 0.062500 3
0.666667 0.562500 3
0.696970 0.187500 3
0.575758 0.375000 3
0.424242 0.437500 3
0.030303 0.062500 3
0.484848 0.187500 3
0.818182 0.312500 3
0.454545 0.250000 3
0.242424 0.187500 3
0.303030 0.187500 3
0.575758 0.250000 3
0.909091 0.250000 3
0.393939 0.187500 3
0.151515 0.062500 3
0.454545 0.312500 3
0.242424 0.125000 3
0.242424 0.187500 3
0.606061 0.250000 3
0.636364 0.562500 3
0.636364 0.375000 3
0.636364 0.687500 3
0.848485 0.250000 3
0.575758 0.375000 3
0.272727 0.187500 3
0.151515 0.125000 3
0.242424 0.187500 3
0.000000 0.062500 3
0.151515 0.062500 3
0.272727 0.125000 3
0.303030 0.062500 3
0.818182 0.125000 3
0.242424 0.062500 3
0.424242 0.187500 3
0.424242 0.187500 3
0.303030 0.125000 3
0.393939 0.250000 3
0.242424 0.250000 3
0.393939 0.125000 3
0.393939 0.062500 3
0.181818 0.062500 3
0.424242 0.250000 3
0.242424 0.062500 3
0.272727 0.125000 3
0.848485 0.312500 3
0.363636 0.187500 3
0.181818 0.062500 3
0.424242 0.375000 3
0.272727 0.187500 3
0.272727 0.125000 3
0.515152 0.125000 3
0.515152 0.250000 3
0.303030 0.125000 3
0.393939 0.312500 3
0.484848 0.250000 3
0.424242 0.062500 3
0.636364 0.062500 3
0.454545 0.250000 3
0.606061 0.250000 3
0.606061 0.437500 3
0.303030 0.125000 3
0.606061 0.187500 3
0.363636 0.062500 3
0.515152 0.312500 3
0.272727 0.125000 3
0.454545 0.125000 3
0.666667 0.250000 3
0.575758 0.312500 3
0.515152 0.187500 3
0.424242 0.125000 3
0.121212 0.125000 3
0.060606 0.062500 3
0.424242 0.187500 3
0.575758 0.375000 3
0.181818 0.125000 3
0.363636 0.437500 3
0.151515 0.062500 3
0.333333 0.250000 3
0.424242 0.187500 3
0.272727 0.125000 3
0.303030 0.187500 3
0.636364 0.312500 3
0.939394 0.562500 3
0.606061 0.312500 3
0.606061 0.375000 3
0.606061 0.187500 3
0.363636 0.250000 3
0.151515 0.125000 3
0.272727 0.125000 3
0.424242 0.187500 3
0.181818 0.187500 3
0.212121 0.125000 3
0.606061 0.562500 3
0.363636 0.125000 3
0.909091 0.312500 3
0.939394 0.312500 3
0.757576 0.312500 3
0.848485 0.312500 3
0.545455 0.187500 3
0.636364 0.375000 3
0.545455 0.125000 3
0.181818 0.125000 3
0.515152 0.250000 3
0.151515 0.187500 3
0.454545 0.250000 3
0.757576 0.312500 3
0.424242 0.250000 3
0.484848 0.312500 3
0.333333 0.125000 3
0.303030 0.062500 3
0.787879 0.312500 3
0.242424 0.062500 3
0.636364 0.375000 3
0.424242 0.312500 3
0.333333 0.062500 3
0.545455 0.375000 3
0.484848 0.312500 3
0.363636 0.062500 3
0.393939 0.062500 3
0.787879 0.187500 3
0.151515 0.000000 3
0.181818 0.125000 3
0.606061 0.187500 3
0.878788 0.187500 3
0.545455 0.125000 3
0.575758 0.312500 3
0.090909 0.062500 3
0.333333 0.250000 3
0.636364 0.250000 3
0.303030 0.250000 3
0.363636 0.312500 3
0.454545 0.312500 3
0.484848 0.375000 3
0.727273 0.250000 3
0.333333 0.312500 3
0.333333 0.187500 3
0.636364 0.312500 3
0.181818 0.062500 3
0.333333 0.250000 3
0.151515 0.062500 3
0.424242 0.125000 3
0.212121 0.062500 3
0.272727 0.187500 3
0.787879 0.375000 3
0.393939 0.187500 3
0.515152 0.125000 3
0.515152 0.187500 3
0.696970 0.500000 3
0.515152 0.250000 3
0.030303 0.062500 3
