0.432839	0.437594	1	0.252336	0.351786	0.009662	0.30855	0	0	1
0.283581	0.475188	0.801782	0.333333	0.521429	0.077295	0.223048	0	0	1
0.22081	0.421053	0.790646	0.389408	0.567857	0.062802	0.218402	0	0	1
0.285779	0.372932	0.821826	0.311526	0.5	0.091787	0.259294	0	0	1
0.275244	0.381955	0.806236	0.29595	0.583929	0.088567	0.245353	0	0	1
0.21115	0.309775	0.804009	0.41433	0.564286	0.10306	0.245353	0	0.509804	1
0.275679	0.386466	0.801782	0.264798	0.585713	0.093398	0.254647	0	0	1
0.281388	0.36391	0.804009	0.23676	0.612499	0.091787	0.261152	0	0	1
0.352506	0.497744	0.797327	0.336449	0.405357	0.090177	0.266729	0	0	1
0.280948	0.341353	0.801782	0.333333	0.567857	0.091787	0.276022	0	0.215686	1
0.200176	0.299248	0.770601	0.395639	0.605356	0.107891	0.247212	0	0.470588	1
0.28446	0.311278	0.815145	0.305296	0.571429	0.096618	0.290892	0	0	1
0.208078	0.323308	0.76392	0.345794	0.619642	0.111111	0.243494	0	0.470588	1
0.277877	0.320301	0.792873	0.305296	0.607142	0.086957	0.274164	0	0.333333	1
0.28446	0.282707	0.799555	0.317757	0.621428	0.093398	0.285316	0	0	1
0.283581	0.312782	0.788419	0.292835	0.612499	0.093398	0.275093	0	0	1
0.293681	0.293233	0.817372	0.271028	0.589286	0.098229	0.303903	0	0	1
0.474541	0.545865	0.857461	0.186916	0.276786	0.024155	0.345725	0	0	1
0.349429	0.476692	0.830735	0.277259	0.4125	0.009662	0.321561	0	0	1
0.272167	0.344361	0.788419	0.436137	0.521429	0.086957	0.27974	0	0.137255	1
0.278756	0.314286	0.790646	0.373832	0.525	0.086957	0.287175	0	0.372549	1
0.373574	0.607519	0.835189	0	0.394642	0.004831	0.331784	0	0	1
0.272607	0.308271	0.806236	0.311526	0.532143	0.095008	0.303903	0	0	1
0.279195	0.312782	0.7951	0.330218	0.573214	0.099839	0.29368	0	0	1
0.265584	0.398496	0.77951	0.267913	0.542857	0.080515	0.27881	0	0	1
0.284899	0.338346	0.788419	0.286604	0.569643	0.10467	0.288104	0	0	1
0.297632	0.372932	0.775056	0.34891	0.505357	0.095008	0.27881	0	0	1
0.266024	0.321805	0.775056	0.323988	0.576786	0.090177	0.27881	0	0	1
0.286658	0.275188	0.783964	0.35514	0.596429	0.091787	0.289033	0	0	1
0.293681	0.353384	0.777283	0.308411	0.544643	0.096618	0.284387	0	0	1
0.286658	0.288722	0.792873	0.314642	0.583929	0.098229	0.302974	0	0.27451	1
0.277437	0.317293	0.77951	0.264798	0.617856	0.090177	0.289963	0	0	1
0.28973	0.318797	0.775056	0.292835	0.564286	0.098229	0.290892	0.028571	0.431373	1
0.280069	0.276692	0.772829	0.339564	0.639285	0.096618	0.289963	0	0.117647	1
0.293241	0.294737	0.788419	0.327103	0.560714	0.091787	0.30855	0	0	1
0.198418	0.384962	0.768374	0.286604	0.523214	0.090177	0.291822	0	0	1
0.348555	0.475188	0.786192	0.320872	0.357142	0.082126	0.311338	0.034921	0	1
0.299385	0.302256	0.775056	0.330218	0.5625	0.10306	0.302045	0	0	1
0.482003	0.523308	0.85078	0.056075	0.349999	0.017713	0.384758	0	0	1
0.482003	0.523308	0.85078	0.056075	0.349999	0.017713	0.384758	0	0	1
0.297632	0.309775	0.77951	0.258567	0.575	0.10306	0.310409	0	0	1
0.280948	0.297744	0.761693	0.283489	0.605356	0.095008	0.298327	0	0	1
0.291483	0.372932	0.755011	0.323988	0.526786	0.095008	0.29368	0	0	1
0.480685	0.451128	0.855234	0.133956	0.348215	0.027375	0.400558	0	0	1
0.29456	0.300752	0.76392	0.280374	0.560714	0.099839	0.30948	0	0.588235	1
0.344604	0.415038	0.775056	0.330218	0.382142	0.088567	0.331784	0	0	1
0.330992	0.369925	0.750557	0.277259	0.519643	0.091787	0.315985	0	0.313726	1
0.6813	0.490226	0.824054	0.130841	0.314286	0.003221	0.407993	0	0.196078	1
0.486394	0.372932	0.839644	0.155763	0.389285	0.020934	0.42658	0	0	1
0.343724	0.428572	0.746102	0.292835	0.405357	0.095008	0.32342	0	0	1
0.528976	0.449624	0.828508	0.068536	0.346429	0.014493	0.430297	0	0.313726	1
0.356017	0.371429	0.741648	0.308411	0.455357	0.096618	0.344796	0	0.215686	1
0.304215	0.406015	0.639198	0.280374	0.541071	0.088567	0.334572	0	0	1
0.316947	0.362406	0.632517	0.308411	0.542857	0.088567	0.33829	0	0	1
0.291043	0.372932	0.625835	0.311526	0.566072	0.082126	0.333643	0	0.176471	1
0.287092	0.258647	0.603563	0.311526	0.694642	0.090177	0.337361	0	0.470588	1
0.0439	0.33985	0.772829	0.258567	0.566072	0.099839	0.271376	0	0.607843	1
0.311238	0.321805	0.775056	0.311526	0.560714	0.096618	0.27881	0	0	1
0.280509	0.413534	0.832962	0.274143	0.567857	0.095008	0.241636	0	0	1
0.280509	0.4	0.815145	0.280374	0.532143	0.091787	0.263941	0	0.215686	1
0.346796	0.431579	0.806236	0.255452	0.505357	0.022544	0.30948	0	0	1
0.378404	0.463158	0.797327	0.320872	0.341072	0.019324	0.301115	0.219048	0	1
0.464007	0.418045	0.859688	0.183801	0.353572	0.037037	0.38197	0	0.215686	1
0.488147	0.517293	0.848552	0.152648	0.275	0	0.395911	0	0	1
0.464007	0.413534	0.832962	0.190031	0.392858	0.028986	0.388476	0	0.137255	1
0.431959	0.445113	0.799555	0.258567	0.383928	0.014493	0.368959	0	0	1
0.455226	0.348872	0.812918	0.180685	0.430357	0.030596	0.410781	0	0.333333	1
0.455226	0.348872	0.812918	0.180685	0.448214	0.030596	0.410781	0	0.333333	1
0.455226	0.359399	0.797327	0.190031	0.426785	0.037037	0.407993	0	0.313726	1
0.520194	0.38797	0.797327	0.165109	0.389285	0.019324	0.44052	0	0.058824	1
0.201495	0.621053	0.817372	0.451713	0.367858	0.025765	0.179368	0	0.235294	2
0.321772	0.437594	0.861915	0.305296	0.383928	0.086957	0.268587	0	0.627451	2
0.209836	0.354887	0.799555	0.383178	0.587499	0.107891	0.223048	0	0	2
0.226514	0.392481	0.7951	0.398754	0.546429	0.098229	0.228625	0	0	2
0.21115	0.344361	0.792873	0.389408	0.589286	0.115942	0.229554	0	0	2
0.208517	0.344361	0.797327	0.380062	0.591072	0.111111	0.23513	0	0	2
0.232663	0.407519	0.804009	0.389408	0.460714	0.10628	0.241636	0	0	2
0.224761	0.341353	0.797327	0.389408	0.539286	0.098229	0.242565	0	0	2
0.218612	0.479699	0.783964	0.299065	0.548214	0.059581	0.233271	0	0.27451	2
0.208517	0.314286	0.783964	0.501558	0.544643	0.111111	0.236059	0	0	2
0.209397	0.320301	0.783964	0.570093	0.508929	0.111111	0.236059	0	0	2
0.209836	0.378947	0.768374	0.35514	0.599999	0.098229	0.225836	0	0	2
0.233097	0.403008	0.790646	0.299065	0.535714	0.109501	0.248141	0	0	2
0.21027	0.354887	0.783964	0.392523	0.546429	0.109501	0.243494	0	0.176471	2
0.129058	0.529323	0.688196	0.557632	0.441071	0.177134	0.153346	0	0	2
0.223882	0.395489	0.797327	0.373832	0.519643	0.072464	0.258364	0	0	2
0.199297	0.377444	0.777283	0.367601	0.614285	0.061192	0.241636	0	0	2
0.232663	0.401504	0.777283	0.383178	0.507143	0.107891	0.246283	0	0.196078	2
0.22081	0.342857	0.77951	0.370717	0.55	0.096618	0.25	0	0	2
0.230465	0.273684	0.775056	0.492212	0.610715	0.101449	0.246283	0	0.176471	2
0.3187	0.330827	0.832962	0.255452	0.441071	0.10306	0.328067	0	0.431373	2
0.215101	0.326316	0.766147	0.361371	0.580357	0.070853	0.263941	0	0	2
0.207638	0.359399	0.759466	0.401869	0.616072	0.011272	0.275093	0	0.372549	2
0.208517	0.377444	0.743875	0.367601	0.587499	0.062802	0.259294	0	0	2
0.225635	0.297744	0.741648	0.373832	0.619642	0.107891	0.261152	0	0	2
0.327041	0.395489	0.76392	0.35514	0.4375	0.082126	0.29461	0	0	2
0.3187	0.344361	0.806236	0.239875	0.451785	0.10306	0.343866	0	0.294118	2
0.275679	0.221053	0.723831	0.271028	0.667857	0.099839	0.322491	0	0.470588	2
0.251978	0.291729	0.641425	0.442368	0.607142	0.117552	0.289033	0	0	2
0.305533	0.335338	0.659243	0.35514	0.555357	0.096618	0.312268	0.044444	0	2
0.237048	0.303759	0.634744	0.358255	0.617856	0.091787	0.312268	0.034921	0.431373	2
0.269975	0.243609	0.605791	0.417445	0.546429	0.112721	0.35316	0	0	2
0.309484	0.284211	0.614699	0.168224	0.714285	0.056361	0.370818	0	0.392157	2
0.706764	0.461654	0.701559	0.115265	0.135715	0.012882	0.577138	0	0	2
0.56848	0.466165	0.64588	0.274143	0.239286	0.012882	0.498141	0	0	2
0.597016	0.108271	0	0.495327	0.425	0.130435	0.725836	0	0.666667	2
0.882355	0	0	0.563863	0	0.093398	0.731413	1	0.54902	2
1	0.23609	0	0.221184	0.062501	0.019324	1	0	0.470588	2
0.485954	0.556391	0	0.221184	0.510714	0.016103	0.565985	0	0.156863	2
0.308605	0.449624	0	0.084112	0.82857	0	0.516729	0	0	2
0.679987	0.075188	0	0.149533	0.607142	0	0.859665	0	0	2
0.712908	0.043609	0	0.143302	0.583929	0	0.885688	0	0	2
0.729591	0.287218	0	0.11838	0.394642	0.009662	0.833643	0	0	2
0.341087	0.410526	0.853007	0.302181	0.489286	0.091787	0.258364	0	0.27451	2
0.321337	0.356391	0.884187	0.280374	0.469643	0.096618	0.27881	0	0	2
0.320898	0.403008	0.86637	0.323988	0.458928	0.082126	0.26487	0	0	2
0.313435	0.377444	0.868597	0.34891	0.45	0.088567	0.267658	0	0.196078	2
0.260314	0.449624	0.819599	0.47352	0.401785	0.10306	0.227695	0	0	2
0.24495	0.386466	0.81069	0.386293	0.485714	0.10467	0.241636	0	0.568627	2
0.235735	0.425564	0.7951	0.367601	0.471428	0.10306	0.23513	0	0	2
0.320019	0.378947	0.837417	0.320872	0.4625	0.093398	0.277881	0	0	2
0.240565	0.330827	0.788419	0.41433	0.5625	0.10306	0.241636	0	0.411765	2
0.251099	0.37594	0.788419	0.370717	0.541071	0.090177	0.248141	0	0	2
0.25988	0.413534	0.775056	0.442368	0.483928	0.099839	0.237918	0	0	2
0.4662	0.371429	0.819599	0.267913	0.525	0.086957	0.287175	0	0	2
0.332311	0.330827	0.815145	0.395639	0.482143	0.093398	0.289963	0	0.235294	2
0.242318	0.332331	0.804009	0.302181	0.525	0.090177	0.29461	0	0	2
0.424058	0.458647	0.507795	0.35514	0.389285	0.078905	0.410781	0	0.333333	2
0.418348	0.42406	0.465479	0.429907	0.423214	0.085346	0.384758	0.085714	0.333333	2
0.39728	0.488722	0.300668	0.417445	0.348215	0.062802	0.476766	0	0.352941	2
0.4662	0.454135	0.224944	0.333333	0.425	0.05314	0.530669	0	0	2
0.658034	0.446617	0	0.333333	0.255357	0.030596	0.744424	0	0.196078	2
0.306407	0.406015	0.886414	0.277259	0.478571	0.093398	0.252788	0	0	2
0.300703	0.44812	0.875278	0.389408	0.357142	0.086957	0.258364	0	0.294118	2
0.305533	0.390978	0.857461	0.299065	0.530357	0.083736	0.25	0	0	2
0.295873	0.369925	0.868597	0.314642	0.45	0.088567	0.27974	0	0.54902	2
0.303336	0.341353	0.846325	0.246106	0.582143	0.090177	0.274164	0	0.235294	2
0.261633	0.324812	0.806236	0.398754	0.5625	0.098229	0.249071	0	0	2
0.24539	0.309775	0.783964	0.389408	0.633928	0.10628	0.229554	0	0	2
0.24539	0.321805	0.792873	0.420561	0.594643	0.10467	0.237918	0	0	2
0.252412	0.390978	0.788419	0.411215	0.4875	0.109501	0.249071	0	0	2
0.32309	0.371429	0.808463	0.242991	0.539286	0.091787	0.276952	0.028571	0.333333	2
0.240125	0.318797	0.781737	0.358255	0.571429	0.109501	0.260223	0.019048	0.490196	2
0.260754	0.341353	0.772829	0.46729	0.519643	0.10628	0.255576	0	0	2
0.239246	0.33985	0.708241	0.292835	0.564286	0.093398	0.314126	0	0.470588	2
0.317826	0.318797	0.817372	0.29595	0.492857	0.099839	0.302045	0	0.686275	2
0.287092	0.439098	0.815145	0.255452	0.528571	0.017713	0.29461	0	0	3
0.217298	0.390978	0.786192	0.327103	0.510714	0.090177	0.269517	0	0	3
0.243637	0.377444	0.7951	0.339564	0.516071	0.090177	0.27974	0	0.196078	3
0.231784	0.215038	0.783964	0.330218	0.55	0.091787	0.288104	0	0	3
0.241439	0.362406	0.768374	0.457944	0.476786	0.096618	0.274164	0	0.333333	3
0.444252	0.53985	0.868597	0.168224	0.301786	0	0.377323	0	0	3
0.291483	0.437594	0.812918	0.11215	0.569643	0.009662	0.325279	0	0	3
0.217298	0.404511	0.757238	0.28972	0.514286	0.095008	0.268587	0	0	3
0.254171	0.320301	0.797327	0.317757	0.5	0.098229	0.312268	0	0	3
0.233097	0.347369	0.757238	0.302181	0.571429	0.083736	0.292751	0	0	3
0.237048	0.403008	0.755011	0.308411	0.505357	0.083736	0.299256	0	0	3
0.441615	0.496241	0.837417	0.090343	0.353572	0.017713	0.392193	0	0	3
0.290169	0.421053	0.759466	0.383178	0.398214	0.093398	0.312268	0	0	3
0.298945	0.416541	0.74833	0.417445	0.380358	0.091787	0.314126	0	0.176471	3
0.314749	0.390978	0.743875	0.389408	0.416071	0.090177	0.330855	0	0	3
0.359528	0.437594	0.788419	0.143302	0.507143	0.025765	0.321561	0.047619	0.470588	3
0.481124	0.520301	0.841871	0.193146	0.276786	0.037037	0.344796	0	0.72549	3
0.007023	0.445113	0.712695	0.47352	0.535714	0.283414	0	0.377778	0	4
0.317386	0.53985	0.726058	0.601246	0.257143	0.235105	0.033457	0.51746	0	4
0.526778	0.407519	0.743875	0.292835	0.458928	0.096618	0.315985	0	0	4
0.496928	0.621053	0.489978	0.551402	0.080358	0.122383	0.402416	0	0	4
0.54873	0.760902	0.407572	0.317757	0.110715	0.049919	0.295539	0.533333	0	4
0.218612	0.473684	0.396437	0.46729	0.587499	0	0.301115	0.24127	0	4
0.213787	0.619549	0	0.65109	0.619642	0	0.30948	0.203175	0.176471	4
0.223003	0.521805	0	0.778816	0.651785	0.006441	0.335502	0.126984	0.176471	4
0.265145	0.604511	0	0.53271	0.573214	0	0.288104	0.504762	0.156863	4
0.249341	0.57594	0	0.52648	0.621428	0	0.287175	0.498413	0.137255	4
0.188762	0.512782	0	0.744548	0.639285	0.012882	0.33829	0.193651	0.098039	4
0.193593	0.472181	0	0.700935	0.610715	0.022544	0.369888	0.257143	0.019608	4
0.268656	0.596993	0	0.638629	0.619642	0	0.327138	0.209524	0	4
0.182619	0.548872	0	0.738318	0.587499	0.006441	0.339219	0.203175	0	4
0.216859	0.643609	0	0.691589	0.578572	0.008052	0.315985	0.168254	0	4
0.172519	0.664662	0	0.610592	0.658928	0	0.270446	0.2	0	4
0.236174	0.183459	0	0.280374	0.958928	0.434783	0.325279	0	0	4
0.175156	0.619549	0	0.663551	0.698214	0	0.275093	0.177778	0	4
0.238367	0.61203	0	0.529595	0.589286	0	0.26487	0.542857	0	4
0.22037	0.634587	0	0.616822	0.623215	0	0.304833	0.212698	0	4
0.270854	0.634587	0	0.470405	0.567857	0	0.295539	0.492063	0	4
0.232663	0.633083	0	0.492212	0.589286	0	0.301115	0.438095	0	4
0.314309	0.550376	0	0.476636	0.544643	0.227053	0.096654	0.914286	0	4
0.230465	0.547369	0	0.76324	0.542857	0	0.373606	0.171429	0	4
0.223003	0.512782	0	0.806854	0.5	0.012882	0.348513	0.336508	0	4
0.25022	0.630075	0	0.529595	0.580357	0	0.276022	0.504762	0	4
0.417035	0.545865	0	0.538941	0.644642	0	0.27974	0.520635	0	4
0.235295	0.548872	0	0.514019	0.678571	0	0.283457	0.498413	0	4
0.261633	0.526316	0	0.557632	0.633928	0	0.296468	0.530159	0	4
0.175156	0.493233	0.596882	1	0.014286	0.270531	0.040892	0.698413	0	5
0.351187	0.300752	0.412027	0.489097	0.514286	0.096618	0.433086	0	0	5
0.463567	0.124812	0.418708	0.395639	0.544643	0.075684	0.555762	0	0	5
0.454786	0.045113	0.380846	0.395639	0.648214	0.093398	0.575279	0	0	5
0.374893	0.287218	0	0.423676	0.703571	0.061192	0.566914	0	0	5
0.241878	0.320301	0	0.479751	0.726785	0.1562	0.44052	0	0	5
0.385866	0.381955	0	0.457944	0.575	0.075684	0.547398	0	0	5
0.550484	0.407519	0	0.401869	0.430357	0.05153	0.6329	0	0	5
0.088235	0.344361	0	0.856698	0.119644	1	0.142193	0	0	5
0.090433	0.341353	0	0.850467	0.158928	1	0.139405	0	0	5
0.407374	0.398496	0	0.345794	0.435714	0.05314	0.657063	0	0	5
0.413963	0.318797	0.358575	0.58567	0.423214	0.122383	0.39684	0.07619	1	5
0.440741	0.336842	0.073497	0.380062	0.639285	0.020934	0.542751	0	0.54902	5
0.346796	0.491729	0.532294	0.395639	0.457143	0	0.384758	0	0	6
0.360842	0.46015	0.536748	0.280374	0.526786	0	0.403346	0	0	6
0.313435	0.560902	0.498886	0.41433	0.458928	0	0.355948	0	0	6
0.32353	0.505263	0.487751	0.426791	0.510714	0	0.361524	0	0	6
0.080773	0.55188	0.387528	0.389408	0.846429	0	0.200744	0	0	6
0.339334	0.640602	0.173719	0.451713	0.480357	0	0.420074	0	0	6
0.351626	0.514286	0	0.560748	0.523214	0	0.506506	0	0	6
0.374893	0.57594	0	0.084112	0.655357	0	0.538104	0	0	6
0	1	0	0.015576	1	0	0.113383	0	0	6