0.489474 0.540767 0.698113 0.184211 0.636364 0.219512 0.4 0.5 1
0.378947 0.384892 0.27044 0.065789 0.181818 0.341463 0.633333 0.766667 1
0.094737 0.047962 0.056604 0.078947 0.227273 0.634146 0.666667 0.7 1
0.5 0.601918 0.698113 0.197368 0.227273 0.268293 0.3 0.466667 1
0.478947 0.526379 0.72327 0.118421 0 0.146341 0.5 0.666667 1
0.068421 0.064748 0.188679 0.302632 0.272727 0.073171 0.1 0.066667 1
0.521053 0.613909 0.672956 0.171053 0.045455 0.682927 0.366667 0.6 1
0.2 0.155875 0.308176 0.315789 0.409091 0.487805 0.133333 0.133333 1
0.184211 0.130695 0.308176 0.065789 0.454545 0.268293 0.733333 0.8 1
0.552632 0.607914 0.685535 0.197368 0.045455 0.219512 0.366667 0.533333 1
0.321053 0.264988 0.188679 0.105263 0.181818 0.170732 0.533333 0.533333 1
0.489474 0.588729 0.773585 0.092105 0.909091 0.02439 0.533333 0.7 1
0.284211 0.263789 0.440252 0.039474 0 0.243902 0.766667 0.9 1
0.168421 0.13789 0.232704 0.236842 0.090909 0.097561 0.166667 0.133333 1
0.268421 0.205036 0.132075 0.144737 0.181818 0.585366 0.433333 0.466667 1
0.378947 0.393285 0.352201 0.092105 0.181818 0.195122 0.5 0.6 1
0.352632 0.31295 0.27044 0.171053 0 0.243902 0.4 0.433333 1
0.184211 0.17506 0.402516 0.302632 0.090909 0.073171 0.133333 0.133333 1
0.536842 0.622302 0.754717 0.157895 0.136364 0.243902 0.4 0.6 1
0.463158 0.478417 0.786164 0.144737 0.454545 0.243902 0.5 0.566667 1
0.189474 0.148681 0.383648 0.197368 0.772727 0.317073 0.3 0.266667 1
0.494737 0.631894 0.660377 0.184211 0.5 0.243902 0.4 0.6 1
0.505263 0.633094 0.647799 0.171053 0.590909 0.682927 0.4 0.666667 1
0.110526 0.098321 0.232704 0.263158 0.727273 0.341463 0.266667 0.133333 1
0.036842 0.038369 0.144654 0.118421 1 0.560976 0.466667 0.466667 1
0.484211 0.472422 0.559748 0.184211 0.590909 0.317073 0.433333 0.533333 1
0.231579 0.176259 0.138365 0.092105 0 0.780488 0.666667 0.733333 1
0.410526 0.392086 0.371069 0.105263 0.318182 1 0.6 0.833333 1
0.057895 0.055156 0.226415 0.197368 0.636364 0.487805 0.266667 0.233333 1
0.221053 0.226619 0.037736 0.013158 0.136364 0.439024 0.833333 0.933333 1
0.231579 0.211031 0.308176 0.026316 0.681818 0.219512 0.9 0.933333 1
0.405263 0.411271 0.540881 0.078947 0.136364 0.170732 0.633333 0.833333 1
0.494737 0.552758 0.471698 0.118421 0.045455 0.585366 0.466667 0.7 1
0.231579 0.183453 0.194969 0.144737 0.045455 0.804878 0.366667 0.5 1
0.284211 0.276978 0.138365 0.039474 0.363636 0.463415 0.7 0.8 1
0.152632 0.091127 0.257862 0.118421 0.136364 0.219512 0.5 0.466667 1
0.205263 0.197842 0.09434 0.013158 0.181818 0.463415 0.9 1 1
0.505263 0.58753 0.509434 0.118421 0.818182 0.04878 0.5 0.6 1
0.515789 0.544365 0.811321 0.157895 0 0.634146 0.433333 0.633333 1
0.026316 0.014388 0.119497 0.223684 0.454545 0.658537 0.233333 0.3 1
0.457895 0.513189 0.63522 0.144737 0.409091 0.243902 0.5 0.6 1
0.221053 0.181055 0.421384 0.131579 0.636364 0 0.433333 0.433333 1
0.268421 0.226619 0.220126 0.118421 0.409091 0.512195 0.466667 0.5 1
0.505263 0.6247 0.679245 0.157895 0.863636 0.268293 0.433333 0.5 1
0.247368 0.219424 0.08805 0.026316 0.272727 0.512195 0.7 0.766667 1
0.236842 0.191847 0.427673 0.236842 0.363636 0.04878 0.233333 0.2 1
0.131579 0.107914 0.333333 0.197368 0.227273 0.341463 0.233333 0.266667 1
0.478947 0.623501 0.672956 0.157895 0.636364 0 0.4 0.533333 1
0.457895 0.546763 0.685535 0.131579 0.636364 0.560976 0.433333 0.6 1
0.184211 0.178657 0.402516 0.276316 0.227273 0.195122 0.2 0.133333 1
0 0 0.113208 0.355263 0.545455 0.512195 0.166667 0.066667 1
0.473684 0.549161 0.553459 0.144737 0.045455 0.536585 0.366667 0.566667 1
0.521053 0.59952 0.660377 0.157895 0.090909 0.390244 0.4 0.6 1
0.315789 0.290168 0.207547 0.105263 0 0.585366 0.533333 0.6 1
0.036842 0.015588 0.113208 0.144737 0.136364 0.487805 0.3 0.266667 1
0.536842 0.589928 0.591195 0.157895 0.818182 0.658537 0.5 0.7 1
0.247368 0.21223 0.08805 0.078947 0.363636 0.365854 0.633333 0.666667 1
0.478947 0.503597 0.566038 0.184211 0.363636 0.097561 0.4 0.533333 1
0.084211 0.073141 0.194969 0.289474 0.181818 0.317073 0.133333 0.1 1
0.352632 0.327338 0.295597 0.131579 0 0.560976 0.5 0.566667 1
0.378947 0.40048 0.433962 0.039474 0.590909 0.195122 0.733333 0.9 1
0.310526 0.276978 0.415094 0.052632 0.590909 0.219512 0.733333 0.866667 1
0.352632 0.321343 0.603774 0.092105 0 0.073171 0.633333 0.7 1
0.505263 0.588729 0.647799 0.118421 0.5 0.780488 0.433333 0.7 1
0.531579 0.609113 0.710692 0.105263 0.727273 0.682927 0.533333 0.833333 1
0.305263 0.291367 0.509434 0.065789 0.727273 0.121951 0.633333 0.666667 1
0.110526 0.097122 0.220126 0.315789 0.727273 0.390244 0.133333 0.1 1
0.094737 0.081535 0.207547 0.171053 0.772727 0.170732 0.233333 0.2 1
0.336842 0.33693 0.352201 0.092105 0.409091 0.853659 0.633333 0.8 1
0.494737 0.595923 0.685535 0.184211 0.363636 0.512195 0.4 0.533333 1
0.510526 0.540767 0.572327 0.144737 0.227273 0.682927 0.466667 0.733333 1
0.426316 0.369305 0.698113 0.131579 0.272727 0.463415 0.5 0.6 1
0.378947 0.402878 0.308176 0.065789 0.318182 0.780488 0.733333 1 1
0.536842 0.640288 0.584906 0.184211 0 0.317073 0.366667 0.6 1
0.405263 0.418465 0.767296 0.118421 0.454545 0.02439 0.5 0.6 1
0.305263 0.300959 0.220126 0.092105 0.090909 0.682927 0.633333 0.766667 1
0.294737 0.245803 0.176101 0.118421 0.227273 0.365854 0.533333 0.533333 1
0.521053 0.642686 0.654088 0.157895 0.272727 0.341463 0.366667 0.633333 1
0.115789 0.104317 0.201258 0.342105 0.136364 0.146341 0.133333 0.066667 1
0.515789 0.580336 0.698113 0.092105 0.954545 0.609756 0.6 0.8 1
0.173684 0.161871 0.301887 0.355263 0.545455 0 0.133333 0.066667 1
0.342105 0.345324 0.553459 0.078947 0.454545 0.02439 0.566667 0.666667 1
0.5 0.540767 0.654088 0.144737 0.590909 0.756098 0.5 0.7 1
0.521053 0.603118 0.660377 0.171053 0.454545 0.682927 0.433333 0.666667 1
0.436842 0.472422 0.540881 0.092105 0.318182 0.926829 0.533333 0.8 1
0.347368 0.288969 0.477987 0.105263 0.181818 0.097561 0.5 0.566667 1
0.452632 0.508393 0.792453 0.118421 0.545455 0.073171 0.466667 0.633333 1
0.110526 0.095923 0.213836 0.302632 0.5 0.585366 0.1 0.133333 1
0.536842 0.611511 0.591195 0.171053 0.681818 0.536585 0.466667 0.666667 1
0.126316 0.070743 0.144654 0.157895 0.045455 0.341463 0.333333 0.366667 1
0.084211 0.053957 0.119497 0.25 0.045455 0.121951 0.133333 0.1 1
0.421053 0.404077 0.358491 0.118421 0.272727 0.317073 0.5 0.6 1
0.394737 0.339329 0.710692 0.144737 0.045455 0.04878 0.433333 0.466667 1
0.452632 0.531175 0.584906 0.078947 0.954545 0.536585 0.6 0.8 1
0.184211 0.145084 0.251572 0.131579 0.045455 0.170732 0.333333 0.333333 1
0.321053 0.298561 0.18239 0.118421 0.045455 0.682927 0.5 0.6 1
0.315789 0.247002 0.408805 0.092105 0.181818 0.04878 0.6 0.666667 1
0.147368 0.094724 0.100629 0.052632 0.227273 0.487805 0.8 0.833333 1
0.184211 0.136691 0.050314 0.026316 0.045455 0.073171 0.833333 0.866667 1
0.489474 0.545564 0.484277 0.105263 0.681818 0.536585 0.5 0.7 1
0.505263 0.611511 0.628931 0.105263 0 0.219512 0.4 0.666667 1
0.247368 0.171463 0.251572 0.197368 0.272727 0.707317 0.3 0.333333 1
0.473684 0.547962 0.704403 0.171053 0.409091 0.487805 0.366667 0.533333 1
0.405263 0.482014 0.352201 0.026316 0.045455 0.804878 0.6 0.9 1
0.468421 0.465228 0.691824 0.105263 0 0.243902 0.533333 0.666667 1
0.410526 0.411271 0.591195 0.105263 0.636364 0.365854 0.566667 0.7 1
0.442105 0.507194 0.597484 0.078947 0.090909 0.097561 0.533333 0.766667 1
0.310526 0.354916 0.18239 0.026316 0.136364 0.195122 0.766667 0.9 1
0.536842 0.631894 0.584906 0.171053 0.545455 0.390244 0.433333 0.633333 1
0.484211 0.568345 0.716981 0.197368 0.045455 0.585366 0.333333 0.5 1
0.494737 0.594724 0.704403 0.197368 0.045455 0.02439 0.3 0.433333 1
0.263158 0.238609 0.496855 0.144737 0.5 0.268293 0.533333 0.6 1
0.521053 0.629496 0.660377 0.144737 0.545455 0.560976 0.433333 0.666667 1
0.263158 0.223022 0.377358 0.052632 0.727273 0.292683 0.733333 0.833333 1
0.210526 0.155875 0.251572 0.236842 0.409091 0.439024 0.266667 0.266667 1
0.521053 0.630695 0.660377 0.157895 0.954545 0.268293 0.433333 0.6 1
0.489474 0.579137 0.534591 0.078947 0 0.878049 0.466667 0.833333 1
0.252632 0.217026 0.100629 0.052632 0.227273 0.97561 0.666667 0.9 1
0.489474 0.618705 0.72327 0.105263 0.590909 0.609756 0.466667 0.766667 1
0.226316 0.185851 0.320755 0.223684 0.318182 0.390244 0.2 0.2 1
0.378947 0.344125 0.289308 0.144737 0.318182 0.439024 0.433333 0.5 1
0.178947 0.128297 0.106918 0.092105 0.045455 0.926829 0.566667 0.766667 1
0.284211 0.236211 0.427673 0.131579 0.363636 0.243902 0.466667 0.466667 1
0.452632 0.410072 0.415094 0.171053 0.681818 0.268293 0.466667 0.533333 1
0.368421 0.330935 0.559748 0.118421 0.590909 0.390244 0.533333 0.6 1
0.457895 0.543165 0.371069 0.065789 0 0.463415 0.566667 0.866667 1
0.505263 0.641487 0.654088 0.157895 0.090909 0.512195 0.366667 0.6 1
0.294737 0.280576 0.125786 0.052632 0.272727 0.414634 0.7 0.766667 1
0.278947 0.232614 0.157233 0.131579 0.136364 0.390244 0.466667 0.533333 1
0.505263 0.586331 0.679245 0.171053 0.090909 0.097561 0.4 0.566667 1
0.368421 0.328537 0.283019 0.144737 0.5 0.365854 0.433333 0.466667 1
0.452632 0.514389 0.465409 0.065789 0.772727 0.707317 0.566667 0.766667 1
0.168421 0.113909 0.264151 0.197368 0.272727 0.341463 0.333333 0.3 1
0.536842 0.616307 0.672956 0.171053 0.090909 0.146341 0.366667 0.533333 1
0.478947 0.604317 0.54717 0.171053 0.272727 0.609756 0.4 0.6 1
0.326316 0.328537 0.490566 0.039474 0.227273 0.536585 0.7 0.966667 1
0.515789 0.556355 0.823899 0.157895 0.409091 0 0.433333 0.533333 1
0.310526 0.238609 0.289308 0.171053 0.227273 0.170732 0.333333 0.333333 1
0.505263 0.633094 0.578616 0.157895 0.681818 0.853659 0.433333 0.733333 1
0.236842 0.197842 0.490566 0.105263 0.545455 0.268293 0.566667 0.566667 1
0.521053 0.591127 0.647799 0.144737 0.045455 0.560976 0.4 0.666667 1
0.521053 0.627098 0.647799 0.157895 0.272727 0.073171 0.4 0.6 1
0.505263 0.633094 0.660377 0.171053 0.681818 0.439024 0.433333 0.6 1
0.463158 0.581535 0.710692 0.197368 0.636364 0.097561 0.366667 0.5 1
0.173684 0.148681 0.408805 0.065789 0.590909 0.121951 0.6 0.666667 1
0.1 0.074341 0.308176 0.052632 0.409091 0.170732 0.733333 0.766667 1
0.3 0.241007 0.188679 0.092105 0.409091 0.756098 0.633333 0.733333 1
0.505263 0.634293 0.584906 0.144737 0.136364 0.487805 0.333333 0.633333 1
0.031579 0.010791 0.113208 0.315789 0.045455 0.731707 0.1 0.133333 1
0.536842 0.640288 0.660377 0.184211 0.363636 0.073171 0.366667 0.533333 1
0.394737 0.36211 0.320755 0.118421 0.227273 0.829268 0.533333 0.7 1
0.521053 0.629496 0.572327 0.184211 1 0.926829 0.466667 0.8 1
0.189474 0.127098 0.18239 0.157895 0.181818 0.878049 0.433333 0.466667 1
0.463158 0.57554 0.584906 0.197368 0.590909 0.512195 0.4 0.566667 1
0.115789 0.093525 0.358491 0.144737 0.409091 0.04878 0.366667 0.333333 1
0.168421 0.135492 0.377358 0.026316 0.5 0.195122 0.866667 0.933333 1
0.421053 0.430456 0.377358 0.118421 0 0.682927 0.466667 0.633333 1
0.215789 0.160671 0.226415 0.210526 0.318182 0.609756 0.233333 0.233333 1
0.494737 0.571942 0.685535 0.157895 0 0.365854 0.333333 0.533333 1
0.231579 0.171463 0.27673 0.157895 0.272727 0.512195 0.4 0.4 1
0.489474 0.533573 0.698113 0.171053 0.227273 0.463415 0.366667 0.5 1
0.178947 0.133094 0.345912 0.236842 0.090909 0.536585 0.2 0.166667 1
0.294737 0.306954 0.377358 0 0.681818 0.439024 0.833333 0.966667 1
0.442105 0.408873 0.660377 0.105263 0.363636 0.146341 0.566667 0.666667 1
0.415789 0.452038 0.320755 0.078947 0.5 0.170732 0.6 0.733333 1
0.178947 0.160671 0.433962 0.263158 0.863636 0.04878 0.166667 0.133333 1
0.310526 0.261391 0.509434 0.171053 0.318182 0.243902 0.366667 0.4 1
0.489474 0.569544 0.63522 0.105263 0.227273 0.390244 0.466667 0.733333 1
0.263158 0.202638 0.220126 0.131579 0.272727 0.219512 0.466667 0.466667 1
0.047368 0.043165 0.119497 0.302632 0.227273 0.317073 0.166667 0.1 1
0.405263 0.432854 0.534591 0.065789 0.818182 0.097561 0.666667 0.8 1
0.284211 0.294964 0.150943 0.026316 0.090909 0.219512 0.8 0.966667 1
0.442105 0.470024 0.578616 0.078947 0.318182 0.390244 0.6 0.8 1
0.368421 0.365707 0.27673 0.065789 0.272727 0.219512 0.633333 0.8 1
0.257895 0.20024 0.176101 0.144737 0.045455 0.02439 0.366667 0.366667 1
0.510526 0.540767 0.666667 0.171053 0.272727 0.390244 0.433333 0.566667 1
0.484211 0.581535 0.704403 0.184211 0.772727 0.390244 0.4 0.566667 1
0.494737 0.483213 0.823899 0.171053 0.181818 0.268293 0.366667 0.5 1
0.442105 0.482014 0.484277 0.105263 0.363636 0.121951 0.533333 0.633333 1
0.515789 0.623501 0.559748 0.131579 0.454545 0.512195 0.466667 0.733333 1
0.326316 0.329736 0.238994 0.052632 0.045455 0.121951 0.666667 0.8 1
0.452632 0.579137 0.704403 0.171053 0.545455 0.292683 0.366667 0.566667 1
0.505263 0.603118 0.748428 0.118421 0.181818 0.536585 0.433333 0.666667 1
0.442105 0.498801 0.433962 0.065789 0 0.609756 0.533333 0.766667 1
0.473684 0.523981 0.540881 0.118421 0.136364 0.463415 0.4 0.533333 1
0.473684 0.607914 0.647799 0.105263 0.5 0.170732 0.433333 0.6 1
0.452632 0.479616 0.408805 0.118421 0.090909 0.121951 0.433333 0.533333 1
0.426316 0.386091 0.761006 0.144737 0.272727 0.02439 0.433333 0.5 1
0.352632 0.32494 0.320755 0.118421 0.136364 0.707317 0.5 0.633333 1
0.189474 0.179856 0.075472 0.052632 0.090909 0.536585 0.666667 0.8 1
0.473684 0.44964 0.805031 0.157895 0.136364 0.04878 0.4 0.5 1
0.2 0.171463 0.352201 0.171053 0.590909 0.560976 0.333333 0.333333 1
0.405263 0.466427 0.471698 0.039474 1 0.02439 0.733333 0.9 1
0.473684 0.570743 0.716981 0.184211 0.727273 0.585366 0.366667 0.533333 1
0.352632 0.294964 0.201258 0.105263 0.409091 0.487805 0.533333 0.6 1
0.173684 0.136691 0.176101 0.052632 0 0.756098 0.566667 0.633333 1
0.463158 0.441247 0.540881 0.184211 0.136364 0.463415 0.433333 0.533333 1
0.489474 0.574341 0.496855 0.118421 0.409091 0.219512 0.466667 0.633333 1
0.468421 0.482014 0.515723 0.144737 0.181818 0.317073 0.466667 0.566667 1
0.478947 0.611511 0.679245 0.157895 0.090909 0.512195 0.366667 0.566667 1
0.478947 0.629496 0.672956 0.144737 0.454545 0.170732 0.366667 0.533333 1
0.521053 0.615108 0.660377 0.171053 0.636364 0.097561 0.4 0.533333 1
0.310526 0.254197 0.308176 0.157895 0.318182 0.317073 0.333333 0.366667 1
0.457895 0.541966 0.672956 0.065789 0.954545 0.04878 0.666667 0.8 1
0.263158 0.207434 0.383648 0.131579 0.136364 0 0.4 0.4 1
0.484211 0.558753 0.710692 0.184211 0.363636 0.219512 0.366667 0.5 1
0.121053 0.133094 0.226415 0.289474 0.181818 0.04878 0.133333 0.066667 1
0.505263 0.627098 0.591195 0.157895 0.636364 0.731707 0.433333 0.733333 1
0.4 0.388489 0.402516 0.144737 0.454545 0.512195 0.433333 0.533333 1
0.147368 0.111511 0.226415 0.210526 0 0.219512 0.166667 0.166667 1
0.521053 0.576739 0.666667 0.157895 0.727273 0.268293 0.466667 0.6 1
0.289474 0.23741 0.471698 0.157895 0.454545 0.121951 0.333333 0.333333 1
0.105263 0.100719 0.220126 0.355263 0.681818 0.097561 0.166667 0.033333 1
0.268421 0.226619 0.45283 0.105263 0.545455 0.04878 0.566667 0.6 1
0.368421 0.285372 0.251572 0.171053 0.318182 0.609756 0.4 0.466667 1
0.515789 0.643885 0.572327 0.144737 0.136364 0.097561 0.366667 0.666667 1
0.131579 0.103118 0.245283 0.092105 0 0.609756 0.466667 0.466667 1
0.584211 0.169065 0.496855 0.894737 0.409091 0.268293 0.133333 0.066667 2
0.789474 0.926858 0.974843 0.342105 0.227273 0.219512 0.166667 0.066667 2
0.242105 0.21223 0.396226 0.092105 0.590909 0.02439 0.8 0.766667 2
0.263158 0.197842 0.522013 0.157895 0.227273 0.268293 0.433333 0.466667 2
0.347368 0.33693 0.610063 0.157895 0.272727 0.04878 0.7 0.6 2
0.378947 0.360911 0.264151 0.171053 0.181818 0.243902 0.733333 0.6 2
0.236842 0.203837 0.471698 0.210526 0 0.073171 0.3 0.366667 2
0.205263 0.191847 0.427673 0.118421 0.409091 0.02439 0.766667 0.833333 2
0.178947 0.147482 0.201258 0.131579 0.045455 0.04878 0.533333 0.6 2
0.457895 0.46283 0.339623 0.223684 0.272727 0.170732 0.633333 0.4 2
0.231579 0.18705 0.427673 0.302632 0.090909 0.04878 0.133333 0.133333 2
0.226316 0.182254 0.484277 0.210526 0.318182 0 0.233333 0.266667 2
0.221053 0.159472 0.408805 0.381579 0.272727 0.341463 0.133333 0.033333 2
0.205263 0.188249 0.352201 0.078947 0.318182 0.268293 0.866667 0.933333 2
0.763158 0.925659 0.761006 0.315789 0.227273 0.634146 0.133333 0.1 2
0.231579 0.178657 0.314465 0.25 0.181818 0.04878 0.2 0.233333 2
0.384211 0.406475 0.465409 0.171053 0 0.097561 0.6 0.533333 2
0.205263 0.166667 0.396226 0.315789 0.272727 0.439024 0.1 0.1 2
0.410526 0.448441 0.628931 0.197368 0.181818 0.170732 0.633333 0.466667 2
0.510526 0.577938 0.685535 0.223684 0.5 0.097561 0.566667 0.333333 2
0.215789 0.172662 0.503145 0.381579 0.272727 0.121951 0.1 0.033333 2
0.236842 0.190647 0.503145 0.184211 0.090909 0 0.333333 0.3 2
0.536842 0.583933 0.660377 0.25 0.227273 0.268293 0.5 0.266667 2
0.231579 0.189448 0.245283 0.171053 0.136364 0.195122 0.566667 0.533333 2
0.778947 0.976019 0.930818 0.315789 0.409091 0.317073 0.166667 0.033333 2
0.310526 0.314149 0.327044 0.131579 0.136364 0.292683 0.666667 0.666667 2
0.2 0.153477 0.427673 0.184211 0.090909 0.073171 0.266667 0.233333 2
0.257895 0.183453 0.345912 0.210526 0.181818 0.219512 0.4 0.366667 2
0.210526 0.164269 0.389937 0.368421 0.181818 0.292683 0.1 0.033333 2
0.563158 0.170264 0.477987 0.789474 0.045455 0.02439 0.166667 0.133333 2
0.5 0.470024 0.36478 0.263158 0 0.658537 0.566667 0.333333 2
0.210526 0.173861 0.402516 0.276316 0.318182 0.292683 0.133333 0.133333 2
0.378947 0.407674 0.389937 0.197368 0.227273 0.195122 0.633333 0.466667 2
0.2 0.167866 0.402516 0.302632 0.409091 0.341463 0.133333 0.1 2
0.310526 0.334532 0.534591 0.144737 0.227273 0.243902 0.7 0.7 2
0.242105 0.166667 0.27673 0.223684 0.090909 0.146341 0.333333 0.266667 2
0.226316 0.17506 0.289308 0.210526 0.272727 0.390244 0.266667 0.333333 2
0.452632 0.504796 0.572327 0.184211 0.318182 0.268293 0.533333 0.433333 2
0.189474 0.16307 0.396226 0.355263 0.318182 0.170732 0.1 0.033333 2
0.215789 0.173861 0.421384 0.342105 0.181818 0.195122 0.1 0.066667 2
0.205263 0.177458 0.220126 0.118421 0.181818 0.414634 0.533333 0.633333 2
0.410526 0.408873 0.283019 0.184211 0.181818 0.536585 0.666667 0.533333 2
0.789474 0.892086 0.81761 0.342105 0.181818 0.146341 0.266667 0.066667 2
0.205263 0.16307 0.471698 0.276316 0 0.02439 0.166667 0.1 2
0.715789 0.848921 0.836478 0.342105 0.181818 0.268293 0.166667 0.066667 2
0.515789 0.594724 0.63522 0.236842 0.363636 0.682927 0.4 0.266667 2
0.289474 0.233813 0.245283 0.184211 0.045455 0.268293 0.566667 0.533333 2
0.189474 0.153477 0.377358 0.131579 0.5 0.02439 0.5 0.566667 2
0.236842 0.195444 0.163522 0.118421 0.045455 0.536585 0.666667 0.8 2
0.205263 0.169065 0.314465 0.105263 0.181818 0 0.833333 0.866667 2
0.389474 0.353717 0.264151 0.171053 0.318182 0.463415 0.7 0.533333 2
0.284211 0.29976 0.295597 0.118421 0.136364 0.560976 0.733333 0.766667 2
0.673684 0.817746 0.855346 0.276316 0.136364 0.02439 0.333333 0.1 2
0.247368 0.18705 0.402516 0.289474 0.272727 0.341463 0.166667 0.133333 2
0.268421 0.199041 0.427673 0.276316 0 0.390244 0.233333 0.2 2
0.221053 0.189448 0.515723 0.289474 0.136364 0.341463 0.133333 0.166667 2
0.226316 0.159472 0.465409 0.289474 0.272727 0.414634 0.166667 0.133333 2
0.194737 0.166667 0.396226 0.342105 0.045455 0.146341 0.1 0.033333 2
0.210526 0.176259 0.477987 0.236842 0.272727 0.146341 0.233333 0.233333 2
0.236842 0.182254 0.301887 0.157895 0.136364 0.439024 0.533333 0.533333 2
0.568421 0.597122 0.559748 0.25 0.045455 0.560976 0.466667 0.266667 2
0.210526 0.169065 0.446541 0.197368 0.045455 0.02439 0.3 0.333333 2
0.4 0.416067 0.559748 0.197368 0.272727 0.02439 0.7 0.566667 2
0.263158 0.195444 0.433962 0.289474 0.045455 0.365854 0.2 0.166667 2
0.210526 0.178657 0.433962 0.355263 0.181818 0.121951 0.1 0.066667 2
0.305263 0.281775 0.169811 0.171053 0.045455 0.073171 0.666667 0.633333 2
0.210526 0.177458 0.484277 0.289474 0.045455 0.243902 0.1 0.1 2
0.236842 0.197842 0.566038 0.236842 0.272727 0.243902 0.233333 0.266667 2
0.189474 0.16307 0.396226 0.315789 0.363636 0.097561 0.1 0.033333 2
0.284211 0.227818 0.09434 0.157895 0.090909 0.463415 0.766667 0.766667 2
0.178947 0.151079 0.427673 0.078947 0.454545 0.195122 0.733333 0.733333 2
0.215789 0.183453 0.421384 0.263158 0.136364 0.390244 0.166667 0.2 2
0.236842 0.181055 0.396226 0.342105 0.227273 0.097561 0.1 0.066667 2
0.205263 0.165468 0.471698 0.276316 0.227273 0 0.166667 0.1 2
0.763158 0.923261 0.773585 0.315789 0.090909 0.487805 0.166667 0.1 2
0.194737 0.170264 0.433962 0.131579 0.272727 0.02439 0.6 0.666667 2
0.194737 0.171463 0.465409 0.210526 0.363636 0 0.3 0.333333 2
0.215789 0.213429 0.144654 0.105263 0.090909 0.195122 0.7 0.833333 2
0.252632 0.188249 0.320755 0.223684 0.227273 0.268293 0.3 0.266667 2
0.210526 0.179856 0.496855 0.302632 0.409091 0.268293 0.133333 0.1 2
0.2 0.14988 0.238994 0.157895 0.181818 0.292683 0.4 0.466667 2
0.284211 0.213429 0.301887 0.223684 0.272727 0.292683 0.433333 0.4 2
0.710526 0.822542 0.867925 0.328947 0.454545 0.268293 0.266667 0.066667 2
0.2 0.193046 0.188679 0.092105 0 0 0.633333 0.766667 2
0.431579 0.46283 0.704403 0.210526 0.181818 0.146341 0.6 0.466667 2
0.352632 0.327338 0.201258 0.171053 0.181818 0.414634 0.766667 0.666667 2
0.284211 0.241007 0.113208 0.144737 0 0.341463 0.8 0.766667 2
0.215789 0.179856 0.490566 0.263158 0.090909 0.121951 0.166667 0.166667 2
0.210526 0.181055 0.421384 0.157895 0.272727 0.02439 0.433333 0.5 2
0.221053 0.172662 0.27044 0.171053 0.227273 0.414634 0.366667 0.466667 2
0.226316 0.182254 0.402516 0.289474 0 0.365854 0.133333 0.1 2
0.615789 0.655875 0.628931 0.276316 0.318182 0.170732 0.4 0.166667 2
0.831579 0.956835 0.955975 0.342105 0.5 0.512195 0.2 0.066667 2
0.205263 0.165468 0.389937 0.342105 0.272727 0.073171 0.133333 0.033333 2
0.189474 0.173861 0.477987 0.289474 0.136364 0.097561 0.1 0.033333 2
0.215789 0.171463 0.396226 0.342105 0.090909 0.195122 0.133333 0.033333 2
0.594737 0.764988 0.754717 0.236842 0.318182 0.268293 0.366667 0.2 2
0.484211 0.528777 0.691824 0.236842 0.363636 0.634146 0.5 0.3 2
0.236842 0.188249 0.27044 0.184211 0.136364 0.195122 0.466667 0.433333 2
0.236842 0.164269 0.226415 0.171053 0.181818 0.243902 0.533333 0.5 2
0.663158 0.778177 0.90566 0.289474 0.272727 0.341463 0.3 0.133333 2
0.215789 0.18705 0.540881 0.210526 0.227273 0 0.233333 0.233333 2
0.210526 0.18705 0.440252 0.131579 0.545455 0.02439 0.633333 0.666667 2
0.2 0.159472 0.446541 0.210526 0.227273 0.02439 0.233333 0.2 2
0.394737 0.360911 0.245283 0.197368 0 0.097561 0.666667 0.566667 2
0.252632 0.257794 0.484277 0.144737 0.318182 0.170732 0.666667 0.733333 2
0.305263 0.293765 0.459119 0.131579 0.272727 0.390244 0.766667 0.733333 2
0.694737 0.709832 0.679245 0.302632 0 0.463415 0.366667 0.166667 2
0.789474 0.886091 0.962264 0.381579 0.227273 0.268293 0.2 0.033333 2
0.247368 0.195444 0.509434 0.276316 0.045455 0.341463 0.2 0.2 2
0.205263 0.177458 0.389937 0.342105 0.181818 0.390244 0.1 0.066667 2
0.242105 0.206235 0.509434 0.197368 0.318182 0.073171 0.4 0.433333 2
0.815789 0.93765 0.955975 0.368421 0.5 0.04878 0.2 0 2
0.236842 0.201439 0.283019 0.171053 0.090909 0 0.4 0.466667 2
0.310526 0.27458 0.125786 0.157895 0.136364 0.414634 0.8 0.733333 2
0.231579 0.188249 0.264151 0.131579 0.090909 0.487805 0.666667 0.633333 2
0.194737 0.165468 0.421384 0.171053 0.227273 0.146341 0.433333 0.5 2
0.210526 0.17506 0.421384 0.289474 0.272727 0.365854 0.133333 0.1 2
0.178947 0.13789 0.402516 0.092105 0.409091 0.268293 0.566667 0.6 2
0.252632 0.188249 0.113208 0.131579 0 0.414634 0.833333 0.8 2
0.247368 0.188249 0.389937 0.223684 0.272727 0.292683 0.266667 0.2 2
0.205263 0.170264 0.484277 0.289474 0.363636 0.097561 0.166667 0.1 2
0.547368 0.533573 0.484277 0.263158 0.181818 0.268293 0.533333 0.333333 2
0.247368 0.172662 0.396226 0.302632 0.454545 0.341463 0.166667 0.133333 2
0.721053 0.791367 0.836478 0.342105 0.318182 0.536585 0.266667 0.1 2
0.531579 0.541966 0.660377 0.25 0.227273 0.341463 0.533333 0.366667 2
0.252632 0.213429 0.522013 0.171053 0.363636 0.195122 0.533333 0.6 2
0.205263 0.165468 0.389937 0.105263 0.363636 0.097561 0.633333 0.633333 2
0.221053 0.166667 0.389937 0.315789 0.045455 0.341463 0.133333 0.1 2
0.4 0.399281 0.559748 0.184211 0.136364 0.317073 0.733333 0.6 2
0.215789 0.17506 0.402516 0.25 0.318182 0.268293 0.166667 0.166667 2
0.205263 0.161871 0.371069 0.236842 0.045455 0.292683 0.166667 0.166667 2
0.652632 0.660671 0.610063 0.315789 0.181818 0.292683 0.333333 0.1 2
0.389474 0.418465 0.459119 0.157895 0.181818 0.317073 0.633333 0.566667 2
0.210526 0.161871 0.389937 0.368421 0.045455 0.073171 0.1 0.033333 2
0.231579 0.184652 0.559748 0.276316 0.136364 0.268293 0.166667 0.166667 2
0.226316 0.178657 0.371069 0.355263 0.181818 0.219512 0.133333 0.066667 2
0.731579 0.847722 0.842767 0.328947 0.545455 0.02439 0.166667 0.033333 2
0.268421 0.226619 0.515723 0.131579 0.227273 0.121951 0.566667 0.566667 2
0.189474 0.159472 0.389937 0.355263 0.272727 0.219512 0.1 0.033333 2
0.284211 0.294964 0.477987 0.131579 0.409091 0.463415 0.8 0.833333 2
0.205263 0.170264 0.396226 0.342105 0.363636 0.195122 0.1 0.033333 2
0.731579 0.863309 0.81761 0.315789 0.227273 0.731707 0.1 0.166667 2
0.721053 0.806954 0.836478 0.342105 0.363636 0.219512 0.266667 0.1 2
0.257895 0.229017 0.465409 0.144737 0.363636 0.146341 0.633333 0.666667 2
0.263158 0.189448 0.371069 0.223684 0.045455 0.219512 0.333333 0.266667 2
0.173684 0.152278 0.402516 0.118421 0.318182 0.195122 0.666667 0.733333 2
0.236842 0.217026 0.226415 0.144737 0.181818 0.121951 0.533333 0.633333 2
0.210526 0.164269 0.484277 0.355263 0 0.170732 0.1 0.033333 2
0.705263 0.804556 0.748428 0.302632 0.409091 0.317073 0.333333 0.133333 2
0.205263 0.167866 0.415094 0.368421 0 0.121951 0.1 0.033333 2
0.284211 0.224221 0.050314 0.157895 0.136364 0.536585 0.866667 0.8 2
0.231579 0.169065 0.427673 0.368421 0.136364 0.170732 0.133333 0.033333 2
0.226316 0.169065 0.339623 0.342105 0.227273 0.097561 0.133333 0.033333 2
0.468421 0.52518 0.603774 0.197368 0.272727 0.170732 0.566667 0.4 2
0.205263 0.169065 0.421384 0.302632 0.045455 0.268293 0.1 0.066667 2
0.236842 0.191847 0.408805 0.25 0 0.195122 0.2 0.233333 2
0.447368 0.419664 0.333333 0.210526 0 0.146341 0.633333 0.5 2
0.284211 0.285372 0.446541 0.131579 0.590909 0.219512 0.8 0.733333 2
0.205263 0.167866 0.389937 0.342105 0.090909 0.341463 0.066667 0.033333 2
0.263158 0.2506 0.163522 0.131579 0.045455 0.341463 0.633333 0.7 2
0.189474 0.146283 0.383648 0.131579 0.318182 0.146341 0.4 0.4 2
0.194737 0.153477 0.396226 0.157895 0.181818 0.097561 0.4 0.4 2
0.363158 0.402878 0.559748 0.171053 0.409091 0.268293 0.666667 0.6 2
0.210526 0.165468 0.477987 0.302632 0.454545 0.02439 0.166667 0.066667 2
0.2 0.176259 0.427673 0.315789 0.181818 0.317073 0.066667 0.066667 2
0.336842 0.363309 0.484277 0.171053 0 0.170732 0.7 0.633333 2
0.263158 0.209832 0.402516 0.236842 0.227273 0.292683 0.3 0.3 2
0.310526 0.359712 0.339623 0.118421 0.272727 0.097561 0.666667 0.566667 2
0.252632 0.2506 0.150943 0.092105 0.090909 0.341463 0.733333 0.8 2
0.257895 0.185851 0.301887 0.210526 0 0.487805 0.366667 0.4 2
0.210526 0.166667 0.477987 0.328947 0.363636 0.02439 0.133333 0.066667 2
0.442105 0.494005 0.578616 0.197368 0.363636 0 0.533333 0.333333 2
0.268421 0.183453 0.402516 0.276316 0.090909 0.414634 0.233333 0.233333 2
0.442105 0.473621 0.496855 0.210526 0.272727 0.487805 0.6 0.433333 2
0.210526 0.167866 0.484277 0.328947 0.409091 0.121951 0.133333 0.066667 2
0.268421 0.226619 0.27673 0.197368 0.363636 0.292683 0.5 0.466667 2
0.278947 0.291367 0.389937 0.131579 0.772727 0.243902 0.8 0.733333 2
0.747368 0.892086 1 0.302632 0.5 0.243902 0.233333 0.066667 2
0.331579 0.275779 0.176101 0.157895 0.090909 0.536585 0.8 0.7 2
0.205263 0.164269 0.320755 0.342105 0.454545 0.170732 0.133333 0.033333 2
0.815789 0.96283 0.949686 0.355263 0.409091 0.756098 0.133333 0.1 2
0.221053 0.164269 0.503145 0.157895 0.454545 0.195122 0.366667 0.333333 2
0.284211 0.214628 0.113208 0.157895 0 0.097561 0.733333 0.7 2
0.221053 0.176259 0.308176 0.197368 0.090909 0.04878 0.266667 0.3 2
0.610526 0.697842 0.767296 0.263158 0.409091 0.341463 0.4 0.2 2
0.215789 0.21223 0.433962 0.105263 0.318182 0.04878 0.766667 0.833333 2
0.289474 0.268585 0.515723 0.144737 0.318182 0.195122 0.666667 0.633333 2
0.257895 0.22542 0.358491 0.105263 0.227273 0.170732 0.866667 0.833333 2
0.652632 0.757794 0.886792 0.302632 0.136364 0.560976 0.233333 0.1 2
0.826316 0.940048 0.955975 0.342105 0.090909 0.512195 0.2 0.1 2
0.578947 0.622302 0.622642 0.289474 0.409091 0.609756 0.4 0.233333 2
0.536842 0.641487 0.654088 0.236842 0.363636 0.170732 0.433333 0.266667 2
0.226316 0.160671 0.188679 0.144737 0.136364 0.512195 0.633333 0.633333 2
0.252632 0.188249 0.440252 0.328947 0.045455 0.097561 0.166667 0.1 2
0.205263 0.171463 0.421384 0.289474 0.318182 0.341463 0.1 0.1 2
0.310526 0.260192 0.100629 0.171053 0.272727 0.463415 0.8 0.766667 2
0.194737 0.178657 0.440252 0.289474 0.136364 0.317073 0.1 0.066667 2
0.226316 0.177458 0.421384 0.289474 0.045455 0.292683 0.166667 0.1 2
0.194737 0.177458 0.213836 0.131579 0.227273 0.317073 0.566667 0.666667 2
0.210526 0.178657 0.509434 0.276316 0.181818 0.390244 0.133333 0.133333 2
0.247368 0.171463 0.295597 0.25 0.272727 0.219512 0.3 0.233333 2
0.363158 0.318945 0.176101 0.197368 0.090909 0.146341 0.7 0.6 2
0.7 0.784173 0.710692 0.302632 0.181818 0.414634 0.3 0.1 2
0.189474 0.161871 0.389937 0.342105 0.272727 0.268293 0.1 0.033333 2
0.2 0.16307 0.408805 0.368421 0.363636 0.04878 0.1 0 2
0.447368 0.454436 0.408805 0.184211 0.090909 0.634146 0.6 0.533333 2
0.215789 0.171463 0.27044 0.171053 0.318182 0.317073 0.4 0.466667 2
0.257895 0.199041 0.213836 0.171053 0.272727 0.341463 0.633333 0.633333 2
0.315789 0.35012 0.578616 0.144737 0.318182 0.463415 0.733333 0.666667 2
0.236842 0.17506 0.389937 0.276316 0.045455 0.04878 0.2 0.133333 2
0.221053 0.182254 0.465409 0.197368 0.227273 0.073171 0.3 0.333333 2
0.310526 0.291367 0.18239 0.144737 0.045455 0.073171 0.8 0.7 2
0.221053 0.170264 0.402516 0.315789 0.181818 0.365854 0.133333 0.066667 2
0.294737 0.181055 0.484277 0.381579 0.045455 0.243902 0.133333 0.133333 2
0.194737 0.194245 0.062893 0.078947 0 0.390244 0.833333 0.9 2
0.257895 0.266187 0.396226 0.118421 0.409091 0.146341 0.8 0.8 2
0.815789 1 0.918239 0.342105 0.181818 0.195122 0.166667 0.066667 2
0.242105 0.233813 0.471698 0.144737 0.272727 0.390244 0.366667 0.533333 3
0.210526 0.17506 0.308176 0.171053 0.409091 0.341463 0.433333 0.6 3
0.157895 0.14988 0.113208 0.052632 0.272727 0.243902 0.766667 0.866667 3
0.168421 0.116307 0.345912 0.105263 0.136364 0.073171 0.566667 0.7 3
0.057895 0.046763 0.018868 0.065789 0.090909 0.341463 0.8 0.9 3
0.121053 0.098321 0.113208 0.092105 0.090909 0.243902 0.6 0.7 3
0.226316 0.193046 0.327044 0.171053 0.363636 0.317073 0.366667 0.533333 3
0.036842 0.026379 0.100629 0.276316 0.090909 0.341463 0.166667 0.133333 3
0.057895 0.044365 0.150943 0.302632 0.318182 0.02439 0.1 0.066667 3
0.205263 0.167866 0.408805 0.157895 0.045455 0.097561 0.4 0.6 3
0.226316 0.206235 0.408805 0.171053 0.227273 0.219512 0.3 0.5 3
0.210526 0.214628 0.471698 0.105263 0.772727 0.170732 0.533333 0.633333 3
0.747368 0.194245 0.572327 0.776316 0 0.365854 0.3 0.433333 3
0.026316 0.027578 0.100629 0.355263 0.363636 0.390244 0.1 0.066667 3
0.252632 0.218225 0.484277 0.210526 0.227273 0.121951 0.233333 0.433333 3
0.263158 0.224221 0.503145 0.236842 0.090909 0.097561 0.233333 0.433333 3
0.152632 0.082734 0.295597 0.144737 0.045455 0.195122 0.466667 0.433333 3
0.210526 0.201439 0.496855 0.223684 0.272727 0.317073 0.266667 0.4 3
0.126316 0.097122 0.062893 0.039474 0.409091 0.073171 0.833333 0.9 3
0.205263 0.203837 0.421384 0.197368 0.227273 0.219512 0.2 0.366667 3
0.094737 0.068345 0.207547 0.210526 0.363636 0.195122 0.2 0.2 3
0.168421 0.101918 0.188679 0.276316 0.454545 0.317073 0.233333 0.066667 3
0.2 0.145084 0.389937 0.144737 0.045455 0.268293 0.466667 0.666667 3
0.210526 0.184652 0.339623 0.171053 0.5 0.560976 0.366667 0.6 3
0.131579 0.069544 0.044025 0.092105 0.045455 0.04878 0.633333 0.5 3
0.221053 0.17506 0.333333 0.171053 0.181818 0.439024 0.4 0.633333 3
0.057895 0.029976 0.125786 0.171053 0.090909 0.195122 0.333333 0.3 3
0.257895 0.214628 0.484277 0.210526 0.181818 0.365854 0.266667 0.466667 3
0.2 0.195444 0.257862 0.078947 0.5 0.121951 0.666667 0.766667 3
0.126316 0.074341 0.314465 0.131579 0.636364 0.121951 0.533333 0.5 3
0.026316 0.01199 0.176101 0.171053 0.636364 0.121951 0.466667 0.433333 3
0.2 0.155875 0.213836 0.144737 0 0.121951 0.466667 0.633333 3
0.247368 0.207434 0.490566 0.197368 0.181818 0.341463 0.3 0.5 3
0.231579 0.20024 0.352201 0.210526 0.545455 0.317073 0.266667 0.5 3
0.242105 0.224221 0.477987 0.157895 0.545455 0.317073 0.433333 0.566667 3
0.226316 0.223022 0.477987 0.223684 0.454545 0.268293 0.233333 0.366667 3
0.184211 0.161871 0.176101 0.065789 0.409091 0 0.766667 0.833333 3
0.215789 0.147482 0.440252 0.171053 0.090909 0.073171 0.366667 0.5 3
0.205263 0.218225 0.484277 0.197368 0.772727 0.170732 0.3 0.4 3
0.226316 0.217026 0.301887 0.105263 0.363636 0.292683 0.533333 0.633333 3
0.178947 0.092326 0.157233 0.210526 0.181818 0.02439 0.333333 0.166667 3
0.521053 0.215827 0.421384 0.5 0 0.341463 0.266667 0.433333 3
0.210526 0.224221 0.477987 0.210526 0.136364 0.02439 0.233333 0.366667 3
0.142105 0.095923 0.314465 0.105263 0.318182 0.02439 0.566667 0.666667 3
0.215789 0.176259 0.238994 0.144737 0.136364 0.121951 0.433333 0.6 3
0.242105 0.243405 0.383648 0.157895 0.818182 0 0.433333 0.5 3
0.163158 0.113909 0.113208 0.105263 0.090909 0.707317 0.566667 0.766667 3
0.2 0.152278 0.251572 0.157895 0.363636 0.170732 0.4 0.533333 3
0.136842 0.067146 0.27044 0.197368 0.227273 0.097561 0.433333 0.3 3
0.142105 0.070743 0.144654 0.197368 0 0.317073 0.333333 0.133333 3
0.178947 0.154676 0.440252 0.092105 0.5 0.341463 0.6 0.7 3
0.215789 0.203837 0.496855 0.184211 0.363636 0.365854 0.3 0.466667 3
0.2 0.106715 0.358491 0.25 0.454545 0.073171 0.333333 0.2 3
0.194737 0.159472 0.301887 0.144737 0 0.317073 0.433333 0.6 3
0.221053 0.205036 0.433962 0.197368 0.318182 0.365854 0.233333 0.466667 3
0.084211 0.049161 0.257862 0.052632 0.318182 0.097561 0.766667 0.833333 3
0.215789 0.169065 0.45283 0.171053 0 0.146341 0.4 0.566667 3
0.173684 0.119904 0.09434 0.157895 0.045455 0.146341 0.433333 0.466667 3
0.021053 0.013189 0.226415 0.065789 0.772727 0.170732 0.7 0.7 3
0.242105 0.214628 0.415094 0.223684 0.227273 0.390244 0.266667 0.466667 3
0.184211 0.14988 0.157233 0.105263 0.181818 0.219512 0.633333 0.733333 3
0.152632 0.088729 0.037736 0.092105 0.363636 0.170732 0.666667 0.666667 3
0.031579 0.022782 0.188679 0.394737 0.227273 0.219512 0.133333 0.1 3
0.173684 0.100719 0.383648 0.157895 0.318182 0.317073 0.533333 0.666667 3
0.205263 0.218225 0.477987 0.223684 0.045455 0.341463 0.2 0.366667 3
0.2 0.208633 0.421384 0.236842 0.045455 0.170732 0.2 0.333333 3
0.178947 0.119904 0.251572 0.236842 0.227273 0.365854 0.266667 0.133333 3
0.147368 0.082734 0.194969 0.25 0.5 0.195122 0.266667 0.066667 3
0.189474 0.197842 0.421384 0.197368 0.227273 0.414634 0.233333 0.4 3
0.257895 0.203837 0.433962 0.223684 0.090909 0.219512 0.266667 0.5 3
0.068421 0.029976 0.27673 0.078947 0.454545 0.195122 0.566667 0.6 3
0.089474 0.063549 0.018868 0.065789 0.181818 0.463415 0.766667 0.866667 3
0.052632 0.033573 0.201258 0.026316 0.318182 0.195122 0.8 0.866667 3
0.068421 0.040767 0.163522 0.263158 0 0.170732 0.166667 0.133333 3
0.184211 0.170264 0.194969 0.065789 0.045455 0.634146 0.7 0.866667 3
0.163158 0.158273 0.327044 0.065789 0.227273 0.243902 0.766667 0.866667 3
0.215789 0.20024 0.427673 0.25 0.318182 0.414634 0.233333 0.333333 3
0.231579 0.199041 0.345912 0.184211 0.272727 0.04878 0.3 0.5 3
0.157895 0.080336 0.08805 0.131579 0.136364 0.292683 0.5 0.433333 3
0.368421 0.195444 0.427673 0.407895 0.409091 0.414634 0.233333 0.366667 3
0.147368 0.091127 0.075472 0.105263 0.136364 0.658537 0.566667 0.666667 3
0.121053 0.097122 0.062893 0.039474 0.272727 0.439024 0.833333 0.933333 3
0.263158 0.215827 0.496855 0.210526 0.045455 0.512195 0.266667 0.533333 3
0.157895 0.077938 0.295597 0.25 0.363636 0.146341 0.266667 0.1 3
0.152632 0.063549 0.289308 0.171053 0.136364 0.243902 0.5 0.433333 3
0.042105 0.034772 0.238994 0.302632 0.318182 0.097561 0.166667 0.066667 3
0.178947 0.179856 0.213836 0.078947 0.090909 0.414634 0.666667 0.833333 3
0.157895 0.139089 0.389937 0.052632 0.863636 0.04878 0.833333 0.866667 3
0.173684 0.201439 0.421384 0.223684 0.545455 0.292683 0.266667 0.4 3
0.189474 0.179856 0.389937 0.078947 0.818182 0.487805 0.7 0.8 3
0.173684 0.153477 0.358491 0.065789 0.454545 0.146341 0.766667 0.833333 3
0.2 0.166667 0.566038 0.144737 0.590909 0.268293 0.433333 0.633333 3
0.236842 0.197842 0.484277 0.197368 0.590909 0.170732 0.333333 0.533333 3
0.257895 0.205036 0.484277 0.210526 0.045455 0.121951 0.3 0.5 3
0.226316 0.209832 0.459119 0.118421 0.045455 0.317073 0.533333 0.7 3
0.042105 0.02518 0.18239 0.342105 0.409091 0.365854 0.133333 0.066667 3
0.257895 0.214628 0.591195 0.210526 0.181818 0 0.233333 0.433333 3
0.236842 0.193046 0.471698 0.184211 0.181818 0.04878 0.333333 0.533333 3
1 0.203837 0.490566 1 0.545455 0.219512 0.4 0.5 3
0.168421 0.134293 0.132075 0.105263 0.181818 0.268293 0.533333 0.7 3
0.210526 0.196643 0.213836 0.092105 0.409091 0.414634 0.6 0.733333 3
0.142105 0.097122 0.314465 0.105263 0.318182 0 0.566667 0.666667 3
0.163158 0.131894 0.09434 0.039474 0.681818 0.073171 0.833333 0.9 3
0.210526 0.213429 0.402516 0.223684 0.454545 0.512195 0.233333 0.4 3
0.126316 0.085132 0.257862 0.355263 0.272727 0 0.166667 0.033333 3
0.152632 0.115108 0.194969 0.118421 0.5 0.219512 0.6 0.7 3
0.105263 0.082734 0.075472 0.078947 0.136364 0.341463 0.633333 0.733333 3
0.178947 0.093525 0.289308 0.25 0.727273 0.292683 0.3 0.133333 3
0.221053 0.230216 0.477987 0.236842 0.5 0.195122 0.233333 0.333333 3
0.047368 0.032374 0.056604 0.105263 0.272727 0.341463 0.533333 0.566667 3
0.210526 0.206235 0.427673 0.263158 0.545455 0.073171 0.266667 0.333333 3
0.178947 0.148681 0.308176 0.118421 0.590909 0.219512 0.5 0.666667 3
0.178947 0.117506 0.396226 0.263158 0.181818 0.390244 0.233333 0.133333 3
0.205263 0.145084 0.440252 0.157895 0.454545 0.073171 0.5 0.6 3
0.1 0.074341 0.301887 0.026316 0.590909 0.097561 0.833333 0.9 3
0.1 0.068345 0.257862 0.039474 0.590909 0.02439 0.933333 0.966667 3
0.189474 0.115108 0.36478 0.171053 0.045455 0.219512 0.4 0.433333 3
0.210526 0.219424 0.421384 0.184211 0.227273 0.219512 0.3 0.433333 3
0.194737 0.140288 0.18239 0.157895 0.227273 0.243902 0.433333 0.5 3
0.221053 0.227818 0.484277 0.210526 0.090909 0.04878 0.266667 0.4 3
0.242105 0.209832 0.327044 0.197368 0.045455 0.146341 0.333333 0.533333 3
0.036842 0.023981 0.169811 0.381579 0.318182 0.341463 0.133333 0.066667 3
0.242105 0.22542 0.389937 0.144737 0.318182 0.512195 0.433333 0.633333 3
0.194737 0.11271 0.119497 0.171053 0.318182 0.170732 0.433333 0.4 3
0.136842 0.116307 0.09434 0.052632 0.136364 0.146341 0.833333 0.933333 3
0.189474 0.109113 0.176101 0.184211 0 0 0.366667 0.233333 3
0.368421 0.177458 0.345912 0.421053 0.227273 0.219512 0.333333 0.5 3
0.094737 0.046763 0.257862 0.223684 0.545455 0.073171 0.333333 0.233333 3
0.131579 0.092326 0.264151 0.342105 0.545455 0.195122 0.233333 0.033333 3
0.226316 0.219424 0.283019 0.092105 0.636364 0.219512 0.6 0.7 3
0.078947 0.049161 0.213836 0.052632 0.318182 0.268293 0.866667 0.9 3
0.094737 0.070743 0.025157 0.052632 0.181818 0.243902 0.766667 0.833333 3
0.242105 0.20024 0.345912 0.210526 0.318182 0.268293 0.233333 0.466667 3
0.152632 0.111511 0.245283 0.342105 0.545455 0.463415 0.2 0.066667 3
0.052632 0.028777 0.27044 0.25 0.409091 0.04878 0.266667 0.166667 3
0.094737 0.074341 0.018868 0.092105 0.272727 0.04878 0.633333 0.633333 3
0.194737 0.20024 0.408805 0.105263 0.409091 0.195122 0.533333 0.666667 3
0.236842 0.221823 0.408805 0.236842 0.045455 0.170732 0.2 0.4 3
0.189474 0.128297 0.113208 0.184211 0.318182 0.02439 0.433333 0.5 3
0.042105 0.019185 0.08805 0.078947 0.045455 0.560976 0.666667 0.733333 3
0.078947 0.079137 0.301887 0.328947 0.545455 0.146341 0.033333 0.066667 3
0.089474 0.051559 0.320755 0.092105 0.363636 0.097561 0.566667 0.566667 3
0.142105 0.127098 0.106918 0.065789 0.181818 0.170732 0.833333 0.9 3
0.136842 0.11271 0.075472 0.065789 0 0.560976 0.666667 0.8 3
0.036842 0.022782 0.226415 0.065789 0.318182 0.219512 0.766667 0.766667 3
0.226316 0.217026 0.484277 0.210526 0.045455 0.268293 0.2 0.366667 3
0.073684 0.041966 0.232704 0.342105 0.363636 0.390244 0.133333 0.1 3
0.152632 0.080336 0.157233 0.171053 0.181818 0.243902 0.333333 0.2 3
0.226316 0.178657 0.572327 0.210526 0.090909 0 0.3 0.466667 3
0.126316 0.089928 0.333333 0.078947 0.681818 0.073171 0.7 0.766667 3
0.147368 0.07554 0.301887 0.25 0.227273 0.170732 0.266667 0.166667 3
0.226316 0.185851 0.459119 0.144737 0.681818 0.268293 0.533333 0.6 3
0.047368 0.028777 0.176101 0.407895 0.272727 0.02439 0.133333 0.066667 3
0.247368 0.213429 0.402516 0.210526 0.545455 0.390244 0.233333 0.4 3
0.152632 0.125899 0.08805 0.039474 0.363636 0.414634 0.833333 0.933333 3
0.089474 0.074341 0 0.039474 0.045455 0.146341 0.866667 0.933333 3
0.147368 0.113909 0.36478 0.065789 0.181818 0.146341 0.833333 0.933333 3
0.247368 0.245803 0.477987 0.184211 0.409091 0 0.3 0.466667 3
0.221053 0.208633 0.522013 0.131579 0.681818 0.512195 0.466667 0.633333 3
0.236842 0.236211 0.396226 0.197368 0.363636 0.097561 0.266667 0.4 3
0.210526 0.226619 0.484277 0.223684 0 0.219512 0.2 0.4 3
0.226316 0.221823 0.389937 0.236842 0 0.390244 0.2 0.366667 3
0.157895 0.109113 0.327044 0.289474 0.318182 0.463415 0.2 0.1 3
0.136842 0.116307 0.314465 0.052632 0.772727 0.292683 0.9 0.966667 3
0.531579 0.125899 0.396226 0.526316 0.181818 0.219512 0.466667 0.6 3
0.063158 0.045564 0.044025 0.065789 0.272727 0.414634 0.7 0.733333 3
0.242105 0.219424 0.484277 0.223684 0.454545 0.170732 0.233333 0.366667 3
0.210526 0.207434 0.421384 0.184211 0.772727 0.268293 0.366667 0.466667 3
0.231579 0.219424 0.333333 0.118421 0.045455 0.146341 0.433333 0.6 3
0.142105 0.086331 0.09434 0.131579 0 0.292683 0.5 0.366667 3
0.226316 0.147482 0.421384 0.157895 0.090909 0 0.466667 0.6 3
0.063158 0.077938 0.308176 0.368421 0 0.170732 0 0.066667 3
0.194737 0.205036 0.314465 0.105263 0.136364 0.243902 0.533333 0.7 3
0.226316 0.203837 0.459119 0.131579 0.636364 0.365854 0.6 0.7 3
0.173684 0.100719 0.345912 0.131579 0.272727 0.121951 0.5 0.533333 3
0.205263 0.185851 0.440252 0.105263 0 0.097561 0.633333 0.766667 3
0.047368 0.027578 0.113208 0.289474 0.590909 0.121951 0.166667 0.1 3
0.163158 0.077938 0.27673 0.118421 0.272727 0.292683 0.6 0.666667 3
0.052632 0.023981 0.245283 0.131579 0.318182 0.146341 0.466667 0.433333 3
0.215789 0.20024 0.490566 0.236842 0.227273 0.146341 0.2 0.333333 3
0.184211 0.105516 0.333333 0.210526 0.136364 0.04878 0.366667 0.333333 3
0.163158 0.093525 0.119497 0.131579 0.090909 0.170732 0.533333 0.466667 3
0.157895 0.088729 0.188679 0.276316 0.318182 0.487805 0.233333 0.1 3
0.105263 0.082734 0.327044 0.052632 0.136364 0.04878 0.9 0.966667 3
0.026316 0.014388 0.220126 0.197368 0.5 0.536585 0.333333 0.3 3
0.136842 0.064748 0.062893 0.157895 0.090909 0.317073 0.5 0.3 3
0.163158 0.121103 0.408805 0.131579 0.272727 0 0.533333 0.666667 3
0.063158 0.07554 0.301887 0.355263 0.363636 0.170732 0 0.066667 3
0.205263 0.160671 0.327044 0.157895 0.181818 0.390244 0.4 0.533333 3
0.205263 0.203837 0.490566 0.25 0.045455 0.073171 0.2 0.333333 3
0.236842 0.229017 0.484277 0.197368 0.136364 0.390244 0.3 0.466667 3
0.173684 0.155875 0.194969 0.065789 0.181818 0.195122 0.766667 0.866667 3
0.168421 0.083933 0.333333 0.184211 0.454545 0.414634 0.4 0.333333 3
0.226316 0.217026 0.477987 0.210526 0.318182 0.243902 0.2 0.333333 3
0.2 0.131894 0.415094 0.184211 0.136364 0.292683 0.4 0.5 3
0.226316 0.185851 0.314465 0.157895 0.090909 0.560976 0.366667 0.633333 3
0.152632 0.118705 0.389937 0.078947 0.409091 0.097561 0.666667 0.733333 3
0.226316 0.220624 0.421384 0.171053 0.045455 0.487805 0.333333 0.533333 3
0.052632 0.033573 0.138365 0.184211 0.045455 0.439024 0.333333 0.3 3
0.510526 0.527578 0.861635 0.197368 0.272727 0.04878 0.333333 0.433333 4
0.510526 0.559952 0.716981 0.197368 0.272727 0.121951 0.333333 0.4 4
0.168421 0.143885 0.069182 0.065789 0.227273 0.317073 0.7 0.7 4
0.536842 0.547962 0.597484 0.144737 0.227273 0.926829 0.466667 0.7 4
0.294737 0.261391 0.132075 0.052632 0.045455 0.609756 0.733333 0.8 4
0.510526 0.532374 0.584906 0.197368 0.227273 0.219512 0.333333 0.4 4
0.557895 0.571942 0.855346 0.171053 0.045455 0.146341 0.4 0.533333 4
0.484211 0.56235 0.647799 0.092105 0 0.02439 0.5 0.666667 4
0.442105 0.459233 0.477987 0.065789 0.227273 0.121951 0.733333 0.766667 4
0.078947 0.07554 0.188679 0.263158 0.590909 0.512195 0.233333 0.2 4
0.210526 0.159472 0.295597 0.223684 0.818182 0.121951 0.266667 0.233333 4
0.531579 0.676259 0.672956 0.197368 0.272727 0.341463 0.366667 0.466667 4
0.505263 0.598321 0.704403 0.223684 0.136364 0.146341 0.3 0.4 4
0.5 0.657074 0.685535 0.144737 0.454545 0.609756 0.333333 0.566667 4
0.347368 0.338129 0.264151 0.105263 0.136364 0.560976 0.533333 0.633333 4
0.026316 0.051559 0.238994 0.302632 0.045455 0.365854 0 0.1 4
0.421053 0.464029 0.63522 0.118421 0.227273 0.121951 0.5 0.566667 4
0.221053 0.152278 0.220126 0.223684 0.363636 0.731707 0.166667 0.4 4
0.063158 0.053957 0.144654 0.289474 0.363636 0.121951 0.066667 0.1 4
0.347368 0.294964 0.289308 0.131579 0.409091 0.365854 0.466667 0.466667 4
0.536842 0.598321 0.685535 0.171053 0.318182 0.707317 0.4 0.533333 4
0.489474 0.501199 0.578616 0.131579 0.227273 0.926829 0.5 0.7 4
0.431579 0.468825 0.314465 0.078947 0 0.804878 0.6 0.8 4
0.242105 0.176259 0.150943 0.184211 0 0.390244 0.266667 0.4 4
0.194737 0.157074 0.169811 0.276316 0.727273 0.487805 0.166667 0.2 4
0.010526 0.009592 0.18239 0.197368 0.954545 0.097561 0.2 0.2 4
0.531579 0.51199 0.503145 0.171053 0.227273 0.121951 0.433333 0.466667 4
0.468421 0.581535 0.578616 0.223684 0.545455 0.658537 0.366667 0.466667 4
0.494737 0.582734 0.396226 0.105263 0 0.951219 0.533333 0.833333 4
0.305263 0.266187 0.433962 0.078947 0.5 0.439024 0.766667 0.766667 4
0.478947 0.652278 0.566038 0.105263 0 0.439024 0.433333 0.633333 4
0.205263 0.179856 0.100629 0.039474 0.227273 0.731707 0.9 0.966667 4
0.2 0.164269 0.157233 0.065789 0.454545 0.585366 0.7 0.733333 4
0.210526 0.181055 0.446541 0.092105 0.727273 0.04878 0.566667 0.566667 4
0.115789 0.089928 0.232704 0.368421 0 0 0.033333 0.066667 4
0.468421 0.510791 0.522013 0.078947 0.772727 0.04878 0.7 0.833333 4
0.489474 0.576739 0.679245 0.184211 0.045455 0.634146 0.333333 0.466667 4
0.473684 0.627098 0.559748 0.171053 0.045455 0.780488 0.333333 0.566667 4
0.484211 0.571942 0.490566 0.105263 0.318182 0.073171 0.466667 0.633333 4
0.415789 0.341727 0.226415 0.157895 0.181818 0.926829 0.466667 0.566667 4
0.057895 0.044365 0.075472 0.25 0.136364 0.390244 0.066667 0.133333 4
0.284211 0.224221 0.484277 0.131579 0.590909 0.243902 0.466667 0.5 4
0.484211 0.56235 0.72327 0.184211 0.227273 0.560976 0.333333 0.466667 4
0.273684 0.219424 0.207547 0.092105 0.045455 0.487805 0.533333 0.566667 4
0.368421 0.371703 0.503145 0.065789 0.909091 0.268293 0.766667 0.733333 4
0.510526 0.651079 0.578616 0.131579 0.681818 0.146341 0.466667 0.566667 4
0.457895 0.577938 0.691824 0.184211 0.454545 0.341463 0.366667 0.433333 4
0.278947 0.254197 0.433962 0.105263 0.090909 0.243902 0.5 0.566667 4
0.468421 0.595923 0.72327 0.197368 0.090909 0.073171 0.3 0.366667 4
0.321053 0.311751 0.075472 0.052632 0.181818 0.560976 0.833333 0.933333 4
0.173684 0.122302 0.132075 0.171053 0.045455 0.02439 0.366667 0.366667 4
0.336842 0.244604 0.238994 0.197368 0.045455 0.536585 0.3 0.333333 4
0.515789 0.628297 0.691824 0.184211 0.181818 0.073171 0.333333 0.5 4
0.5 0.645084 0.654088 0.157895 0.090909 0.073171 0.333333 0.5 4
0.5 0.655875 0.641509 0.157895 0.318182 0.414634 0.4 0.533333 4
0.231579 0.219424 0.106918 0.052632 0.227273 0.536585 0.733333 0.8 4
0.273684 0.233813 0.496855 0.078947 0.5 0.365854 0.633333 0.666667 4
0.521053 0.586331 0.880503 0.171053 0.227273 0.390244 0.4 0.5 4
0.531579 0.63789 0.861635 0.157895 0.318182 0.097561 0.366667 0.5 4
0.210526 0.178657 0.371069 0.052632 0.636364 0.439024 0.733333 0.733333 4
0.5 0.676259 0.672956 0.157895 0.272727 0.02439 0.3 0.5 4
0.126316 0.098321 0.352201 0.197368 0.136364 0.097561 0.133333 0.2 4
0.378947 0.404077 0.264151 0.092105 0 0.04878 0.566667 0.566667 4
0.473684 0.496403 0.572327 0.184211 0.272727 0.146341 0.366667 0.433333 4
0.273684 0.189448 0.408805 0.118421 0.681818 0.04878 0.566667 0.533333 4
0.457895 0.589928 0.503145 0.092105 0.272727 0.121951 0.433333 0.566667 4
0.421053 0.442446 0.540881 0.065789 0.636364 0.073171 0.666667 0.7 4
0.484211 0.527578 0.371069 0.078947 0.409091 0.780488 0.633333 0.833333 4
0.457895 0.485611 0.735849 0.105263 0.545455 0.487805 0.533333 0.666667 4
0.352632 0.371703 0.446541 0.039474 0.863636 0.365854 0.866667 0.933333 4
0.210526 0.177458 0.371069 0.118421 0.454545 0.341463 0.4 0.4 4
0.4 0.414868 0.603774 0.105263 0.5 0.195122 0.566667 0.633333 4
0.547368 0.648681 0.798742 0.144737 0.454545 0.609756 0.4 0.633333 4
0.147368 0.127098 0.333333 0.171053 0.136364 0.512195 0.233333 0.3 4
0.494737 0.652278 0.591195 0.157895 0.590909 0.146341 0.433333 0.566667 4
0.515789 0.66307 0.654088 0.197368 0.5 0.487805 0.366667 0.5 4
0.236842 0.190647 0.427673 0.065789 0.409091 0.292683 0.866667 0.9 4
0.131579 0.091127 0.264151 0.026316 0.727273 0.146341 0.9 0.933333 4
0.410526 0.434053 0.377358 0.092105 0.045455 0.780488 0.5 0.633333 4
0.410526 0.383693 0.371069 0.144737 0.136364 0.292683 0.433333 0.533333 4
0.268421 0.218225 0.408805 0.144737 0.090909 0.04878 0.466667 0.5 4
0.378947 0.401679 0.421384 0.039474 0.136364 0.121951 0.7 0.8 4
0.268421 0.199041 0.396226 0.210526 0.681818 0.341463 0.266667 0.266667 4
0.3 0.244604 0.553459 0.171053 0.409091 0.365854 0.366667 0.4 4
0.5 0.613909 0.672956 0.171053 0.090909 0.463415 0.4 0.6 4
0.110526 0.116307 0.207547 0.276316 0 0.121951 0.1 0.166667 4
0.568421 0.623501 0.610063 0.171053 0.272727 0.439024 0.433333 0.6 4
0.152632 0.134293 0.408805 0.118421 0.318182 0.439024 0.4 0.533333 4
0.547368 0.685851 0.603774 0.171053 0.272727 0.463415 0.333333 0.566667 4
0.310526 0.248201 0.169811 0.171053 0 0 0.4 0.366667 4
0.257895 0.196643 0.169811 0.131579 0.272727 0.512195 0.5 0.533333 4
0.505263 0.581535 0.597484 0.197368 0.545455 0.268293 0.333333 0.433333 4
0.447368 0.492806 0.345912 0.092105 0.363636 0.536585 0.533333 0.7 4
0.115789 0.089928 0.163522 0.223684 0.045455 0.560976 0.1 0.233333 4
0.026316 0.029976 0.163522 0.328947 0.045455 0.292683 0.033333 0.1 4
0.163158 0.123501 0.125786 0.092105 0.181818 0.853659 0.6 0.7 4
0.473684 0.600719 0.490566 0.118421 0.181818 0.585366 0.466667 0.666667 4
0.510526 0.558753 0.528302 0.157895 0.227273 0.170732 0.433333 0.5 4
0.378947 0.383693 0.27673 0.092105 0.5 0.585366 0.566667 0.633333 4
0.126316 0.098321 0.119497 0.092105 0.136364 0.878049 0.566667 0.733333 4
0.515789 0.630695 0.660377 0.157895 0.454545 0.585366 0.4 0.533333 4
0.315789 0.292566 0.245283 0.105263 0.318182 0.804878 0.566667 0.7 4
0.194737 0.17506 0.352201 0.276316 0.545455 0.02439 0.133333 0.166667 4
0.384211 0.346523 0.578616 0.105263 0.318182 0.121951 0.533333 0.566667 4
0.415789 0.399281 0.528302 0.092105 0.545455 0.268293 0.6 0.666667 4
0.494737 0.582734 0.716981 0.197368 0 0.097561 0.333333 0.4 4
0.252632 0.251799 0.132075 0.052632 0.272727 0.146341 0.733333 0.766667 4
0.268421 0.244604 0.144654 0.052632 0.318182 0.707317 0.7 0.833333 4
0.505263 0.625899 0.886792 0.184211 0.454545 0.04878 0.366667 0.466667 4
0.463158 0.501199 0.572327 0.105263 0.409091 0.414634 0.6 0.666667 4
0.331579 0.290168 0.459119 0.144737 0.5 0.04878 0.533333 0.566667 4
0.210526 0.18705 0.339623 0.368421 0.590909 0.073171 0.133333 0.066667 4
0.478947 0.597122 0.710692 0.210526 0.590909 0.560976 0.333333 0.433333 4
0.526316 0.625899 0.735849 0.105263 0.363636 0.536585 0.5 0.7 4
0.547368 0.648681 0.647799 0.171053 0.681818 0.02439 0.433333 0.5 4
0.226316 0.189448 0.27673 0.210526 0.5 0.219512 0.166667 0.2 4
0.5 0.667866 0.597484 0.157895 0.227273 0.243902 0.333333 0.566667 4
0.489474 0.615108 0.54717 0.197368 0.181818 0.512195 0.366667 0.5 4
0.315789 0.280576 0.528302 0.105263 0.545455 0.365854 0.5 0.566667 4
0.489474 0.640288 0.685535 0.171053 0.5 0.292683 0.333333 0.466667 4
0.231579 0.184652 0.188679 0.157895 0.5 0.439024 0.233333 0.266667 4
0.468421 0.574341 0.471698 0.092105 0.318182 0.512195 0.5 0.666667 4
0.468421 0.625899 0.716981 0.171053 0.227273 0.414634 0.333333 0.5 4
0.484211 0.593525 0.660377 0.118421 0.090909 0.707317 0.433333 0.666667 4
0.515789 0.609113 0.716981 0.171053 0 0.756098 0.366667 0.566667 4
0.531579 0.68705 0.597484 0.184211 0 0.268293 0.333333 0.533333 4
0.531579 0.625899 0.679245 0.210526 0.227273 0.292683 0.366667 0.466667 4
0.094737 0.081535 0.188679 0.223684 0.227273 0.658537 0.233333 0.2 4
0.494737 0.466427 0.534591 0.144737 0 0.341463 0.4 0.533333 4
0.221053 0.176259 0.176101 0.105263 0.090909 0.804878 0.5 0.566667 4
0.478947 0.592326 0.716981 0.197368 0.545455 0.634146 0.333333 0.466667 4
0.284211 0.252998 0.194969 0.105263 0.045455 0.219512 0.533333 0.566667 4
0.5 0.653477 0.572327 0.144737 0 0.707317 0.366667 0.666667 4
0.115789 0.089928 0.226415 0.368421 0 0.512195 0.033333 0.1 4
0.231579 0.165468 0.320755 0.039474 1 0.243902 1 1 4
0.478947 0.619904 0.553459 0.092105 0 0.487805 0.5 0.733333 4
0.431579 0.534772 0.484277 0.078947 0.545455 0.512195 0.533333 0.666667 4
0.447368 0.5 0.408805 0.131579 0.181818 0.268293 0.433333 0.5 4
0.184211 0.133094 0.220126 0.236842 0.318182 0.512195 0.166667 0.266667 4
0.352632 0.344125 0.628931 0.105263 0.5 0.170732 0.533333 0.6 4
0.531579 0.634293 0.672956 0.197368 0.181818 0.121951 0.366667 0.433333 4
0.363158 0.278177 0.264151 0.197368 0.136364 0.536585 0.333333 0.366667 4
0.210526 0.153477 0.358491 0.157895 0.681818 0.634146 0.5 0.566667 4
0.478947 0.526379 0.672956 0.157895 0.409091 0.439024 0.433333 0.5 4
0.484211 0.498801 0.830189 0.144737 0.090909 0.170732 0.433333 0.566667 4
0.268421 0.269784 0.345912 0.026316 0.363636 0.268293 0.8 0.9 4
0.073684 0.057554 0.188679 0.144737 0.181818 0.170732 0.3 0.3 4
0.531579 0.66307 0.679245 0.184211 0.363636 0.731707 0.366667 0.566667 4
0.157895 0.117506 0.113208 0.171053 0.409091 0.487805 0.233333 0.333333 4
0.189474 0.155875 0.207547 0.131579 0 0.219512 0.366667 0.433333 4
0.563158 0.66307 0.685535 0.210526 0.636364 0.268293 0.4 0.5 4
0.089474 0.067146 0.150943 0.144737 0.090909 0.512195 0.233333 0.333333 4
0.405263 0.356115 0.63522 0.157895 0.045455 0.146341 0.433333 0.433333 4
0.363158 0.345324 0.301887 0.157895 0.045455 0.341463 0.366667 0.4 4
0.568421 0.645084 0.610063 0.184211 0.5 0.463415 0.433333 0.566667 4
0.368421 0.333333 0.257862 0.092105 0 0.707317 0.433333 0.6 4
0.078947 0.092326 0.08805 0.078947 0.045455 0.585366 0.4 0.566667 4
0.457895 0.556355 0.685535 0.171053 0.590909 0.536585 0.4 0.5 4
0.005263 0.008393 0.075472 0.368421 0.181818 0.170732 0.1 0.066667 4
0.147368 0.119904 0.069182 0.039474 0.409091 0.707317 0.933333 0.966667 4
0.184211 0.127098 0.264151 0.065789 0.454545 0.512195 0.766667 0.833333 4
0.468421 0.600719 0.685535 0.210526 0 0.097561 0.266667 0.4 4
0.442105 0.551559 0.465409 0.092105 0.045455 0.292683 0.5 0.633333 4
0.442105 0.517986 0.484277 0.078947 0 0.463415 0.566667 0.733333 4
0.089474 0.089928 0.245283 0.315789 0.454545 0.146341 0.033333 0.1 4
0.515789 0.629496 0.63522 0.131579 0.636364 0.097561 0.466667 0.533333 4
0.452632 0.453237 0.849057 0.131579 0.136364 0.02439 0.466667 0.6 4
0.231579 0.193046 0.327044 0.171053 0.409091 0 0.366667 0.366667 4
0.273684 0.245803 0.050314 0.039474 0.090909 0.682927 0.9 1 4
0.352632 0.356115 0.169811 0.052632 0.181818 0.073171 0.7 0.766667 4
0.378947 0.394484 0.188679 0.078947 0.363636 0.292683 0.633333 0.766667 4
0.410526 0.430456 0.792453 0.118421 0.590909 0 0.5 0.566667 4
0.363158 0.32494 0.18239 0.078947 0.318182 0.731707 0.7 0.833333 4
0.205263 0.165468 0.08805 0.065789 0.045455 0.02439 0.7 0.733333 4
0.547368 0.681055 0.616352 0.171053 0 0.317073 0.366667 0.566667 4
0.089474 0.081535 0.220126 0.065789 0.045455 0.02439 0.566667 0.633333 4
0.352632 0.279377 0.578616 0.184211 0.545455 0.097561 0.366667 0.366667 4
0.515789 0.610312 0.515723 0.157895 0.5 0.585366 0.4 0.566667 4
0.342105 0.304556 0.54717 0.105263 0.681818 0 0.633333 0.666667 4
0.468421 0.567146 0.666667 0.184211 0.136364 0.04878 0.366667 0.433333 4
0.363158 0.347722 0.251572 0.105263 0.045455 0.707317 0.566667 0.633333 4
0.584211 0.655875 0.616352 0.184211 0.318182 0.682927 0.4 0.6 4
0.552632 0.631894 0.685535 0.197368 0.454545 0.682927 0.4 0.566667 4
0.347368 0.276978 0.226415 0.157895 0 0.682927 0.433333 0.566667 4
0.405263 0.447242 0.327044 0.078947 0.227273 0.219512 0.6 0.7 4
0.073684 0.058753 0.08805 0.144737 0.136364 0.731707 0.266667 0.433333 4
0.505263 0.538369 0.553459 0.157895 0.090909 0.365854 0.4 0.5 4
0.515789 0.654676 0.597484 0.197368 0.363636 0.853659 0.366667 0.666667 4
0.257895 0.201439 0.226415 0.157895 0.636364 0.317073 0.333333 0.333333 4
0.163158 0.119904 0.308176 0.105263 0 0.02439 0.533333 0.533333 4
0.378947 0.410072 0.314465 0.065789 0.545455 0.487805 0.633333 0.733333 4
0.515789 0.597122 0.566038 0.157895 0 0.390244 0.366667 0.5 4
0.468421 0.467626 0.566038 0.184211 0.227273 0.195122 0.333333 0.433333 4
0.431579 0.501199 0.333333 0.065789 0.090909 0.170732 0.566667 0.7 4
0.442105 0.422062 0.823899 0.171053 0.090909 0.121951 0.4 0.466667 4
0.442105 0.420863 0.433962 0.157895 0.090909 0.512195 0.366667 0.433333 4
0.457895 0.535971 0.528302 0.131579 0.227273 0.512195 0.4 0.5 4
0.036842 0.041966 0.220126 0.065789 0.909091 0.195122 0.633333 0.666667 4
0.468421 0.59952 0.691824 0.210526 0.681818 0.268293 0.333333 0.433333 4
0.094737 0.092326 0.201258 0.210526 0.363636 0.097561 0.3 0.233333 4
0.310526 0.254197 0.446541 0.092105 0.590909 0.268293 0.6 0.6 4
0.405263 0.483213 0.597484 0.065789 0.090909 0.121951 0.633333 0.766667 4
0.468421 0.591127 0.691824 0.210526 0.227273 0.585366 0.3 0.433333 4
0.131579 0.107914 0.333333 0.131579 0.727273 0.146341 0.366667 0.3 4
0.457895 0.419664 0.358491 0.157895 0.272727 0.658537 0.466667 0.533333 4
0.489474 0.634293 0.685535 0.184211 0.272727 0.390244 0.333333 0.466667 4
0.442105 0.495204 0.660377 0.118421 0.454545 0.487805 0.466667 0.566667 4
0.5 0.639089 0.660377 0.171053 0.409091 0.317073 0.333333 0.5 4
0.289474 0.208633 0.301887 0.197368 0 0.560976 0.233333 0.3 4
0.368421 0.352518 0.389937 0.065789 0.090909 0 0.733333 0.833333 4
0.489474 0.64988 0.654088 0.171053 0.181818 0.170732 0.3 0.566667 4
0.110526 0.080336 0.031447 0.039474 0.227273 0.707317 0.833333 0.866667 4