0.267842	0.278828	0.459744	0.770556	0.47044	0.875435	0.39932	0.607889	0.339494	0.387516	1
0.280637	0.269376	0.417179	0.77	0.473977	0.869744	0.388435	0.689144	0.287132	0.439857	1
0.290873	0.264965	0.388718	0.726667	0.462102	0.871641	0.44966	0.679703	0.383641	0.407997	1
0.305516	0.255986	0.363077	0.686111	0.447701	0.893456	0.451361	0.704316	0.4295	0.44896	1
0.307791	0.261657	0.338974	0.6525	0.439869	0.889662	0.459524	0.709373	0.41718	0.481795	1
0.29002	0.277883	0.348462	0.644444	0.439363	0.901043	0.45068	0.674309	0.36345	0.485371	1
0.545778	0.195967	0.380513	0.283611	0.418393	0.62504	0.745238	0.713419	0.742984	0.560143	1
0.50526	0.209515	0.37	0.3025	0.457554	0.681948	0.739796	0.705664	0.654004	0.494473	1
0.476969	0.210618	0.378462	0.325278	0.498989	0.726209	0.717347	0.697235	0.604723	0.445384	1
0.471425	0.198803	0.388974	0.349167	0.496716	0.741385	0.688435	0.708699	0.567077	0.460338	1
0.449389	0.210933	0.397179	0.381111	0.55811	0.757825	0.656463	0.717465	0.542094	0.418075	1
0.393802	0.230781	0.428974	0.462222	0.641233	0.781537	0.657143	0.692515	0.550308	0.362809	1
0.587717	0.281191	0.123333	0.476111	0.389843	0.884603	0.553061	0.90998	0.323066	0.537386	1
0.596958	0.281979	0.114359	0.480278	0.377211	0.886816	0.536735	0.912677	0.316906	0.561443	1
0.607051	0.285602	0.119744	0.478611	0.365841	0.864053	0.532313	0.943021	0.335729	0.58225	1
0.604208	0.281664	0.137436	0.4925	0.365589	0.863421	0.538776	0.954821	0.336413	0.576723	1
0.581177	0.266068	0.136667	0.547778	0.419909	0.891243	0.531973	0.980108	0.357632	0.54844	1
0.541797	0.250473	0.152051	0.621944	0.476251	0.908631	0.523809	0.997977	0.37577	0.51788	1
0.511373	0.245904	0.331282	0.321389	0.472461	0.659817	0.618367	0.738705	0.616359	0.408648	1
0.538243	0.241021	0.347949	0.3125	0.437847	0.660449	0.626871	0.73702	0.645106	0.423277	1
0.543503	0.234562	0.354359	0.309444	0.438858	0.669617	0.643878	0.711059	0.651951	0.423927	1
0.534689	0.232042	0.348718	0.313333	0.443406	0.671198	0.648299	0.724208	0.655715	0.421001	1
0.528291	0.219124	0.346923	0.322222	0.443911	0.670882	0.641156	0.723871	0.659138	0.423927	1
0.52232	0.207467	0.349231	0.332222	0.44189	0.664243	0.635034	0.729265	0.652293	0.4184	1
0.297555	0.256774	0.734359	0.793333	0.756695	0.392981	0.211565	0.251854	0.334018	0.601105	1
0.282485	0.27741	0.848462	0.759167	0.72764	0.375593	0.190816	0.24646	0.384668	0.602081	1
0.296133	0.244802	0.882564	0.7425	0.72764	0.402466	0.236735	0.261632	0.390144	0.546164	1
0.307364	0.213926	0.889231	0.722778	0.729661	0.420803	0.279932	0.278827	0.357632	0.497724	1
0.274808	0.251733	0.906154	0.711389	0.720566	0.31742	0.237415	0.307485	0.316906	0.55039	1
0.237134	0.298992	0.810513	0.783889	0.702375	0.123617	0.24966	0.349629	0.329569	0.68368	1
0.194342	0.367045	0.588974	0.859444	0.693279	0.65792	0.246939	0.265341	0.165982	0.570871	1
0.226471	0.344991	0.535128	0.883333	0.705659	0.749605	0.390476	0.320634	0.114305	0.510728	1
0.240688	0.313485	0.544103	0.888056	0.684942	0.794815	0.485714	0.430546	0.03833	0.546814	1
0.253767	0.292691	0.517436	0.884722	0.680394	0.797344	0.546599	0.46325	0.04449	0.500325	1
0.258317	0.288437	0.490769	0.864722	0.691006	0.784066	0.559864	0.503372	0.036277	0.473017	1
0.256895	0.280403	0.486154	0.843333	0.704144	0.724629	0.545918	0.564397	0.040726	0.398895	1
0.375604	0.183365	0.422051	0.594722	0.818343	0.568132	0.497279	0.48584	0.246407	0.648244	1
0.362809	0.184783	0.461538	0.585	0.81051	0.594689	0.472109	0.497977	0.234771	0.652471	1
0.330111	0.194549	0.511026	0.591111	0.816321	0.58141	0.381633	0.468645	0.259411	0.661899	1
0.292721	0.214241	0.554359	0.6325	0.811268	0.502371	0.345238	0.434255	0.271047	0.703186	1
0.288314	0.224953	0.531795	0.647778	0.813037	0.448309	0.370748	0.407283	0.242642	0.771456	1
0.300682	0.216919	0.521795	0.635556	0.806973	0.421435	0.422109	0.413351	0.219028	0.777308	1
0.146432	0.459987	0.82641	0.748611	0.720313	0.102751	0.139796	0.284221	0.330253	0.869636	1
0.116292	0.537335	0.783846	0.779444	0.61142	0	0.194218	0.280512	0.457221	0.931079	1
0.116008	0.494329	0.766667	0.868611	0.598282	0.006007	0.294218	0.204316	0.398357	1	1
0.127239	0.422653	0.750769	0.896667	0.663719	0.069238	0.307483	0.226568	0.322382	0.934005	1
0.114871	0.422653	0.778974	0.806944	0.707428	0.069554	0.255102	0.307148	0.313826	0.91645	1
0.094825	0.464083	0.802564	0.747222	0.66473	0.010433	0.281633	0.358732	0.365161	0.890117	1
0.439437	0.341525	0.23359	0.432222	0.358767	0.757193	0.32585	0.663857	0.275154	0.530234	2
0.437305	0.350977	0.219231	0.425	0.359525	0.770155	0.309184	0.676332	0.242984	0.537386	2
0.44157	0.363737	0.200513	0.455556	0.396412	0.755612	0.302041	0.67532	0.259411	0.497074	2
0.444982	0.3661	0.181795	0.505556	0.406518	0.725893	0.326871	0.683749	0.255647	0.490247	2
0.420245	0.342785	0.195897	0.5175	0.405003	0.72368	0.313946	0.692515	0.249144	0.507802	2
0.413563	0.334594	0.215641	0.517778	0.414098	0.735694	0.312925	0.71207	0.24846	0.520156	2
0.482656	0.272842	0.394872	0.296667	0.558868	0.501423	0.571769	0.591706	0.469884	0.459688	2
0.497867	0.277253	0.393333	0.295278	0.542446	0.512804	0.572109	0.626096	0.473648	0.441482	2
0.459909	0.261972	0.394872	0.321944	0.52097	0.564338	0.565986	0.5971	0.441478	0.434005	2
0.464316	0.256144	0.367692	0.328056	0.507074	0.557382	0.552721	0.607552	0.456537	0.46619	2
0.484362	0.268589	0.381282	0.272778	0.513643	0.532406	0.551361	0.650371	0.457906	0.476593	2
0.503128	0.252363	0.424103	0.231111	0.44568	0.529877	0.584014	0.66588	0.509582	0.510728	2
0.48948	0.324512	0.261282	0.690556	0.449722	0.803035	0.464626	0.798719	0.315537	0.526658	2
0.527438	0.334121	0.222564	0.646944	0.414098	0.775213	0.468027	0.815914	0.342231	0.529584	2
0.551464	0.334279	0.210769	0.660833	0.420414	0.745495	0.468707	0.807148	0.366872	0.529909	2
0.567387	0.331601	0.208462	0.6525	0.430015	0.726842	0.501361	0.818611	0.407598	0.56567	2
0.558857	0.326402	0.215385	0.660278	0.431784	0.773	0.512245	0.848618	0.424025	0.560468	2
0.528433	0.305135	0.232564	0.722222	0.473724	0.826114	0.498299	0.836817	0.412047	0.575423	2
0.471993	0.356333	0.365897	0.424444	0.686458	0.347455	0.64932	0.567431	0.42334	0.333225	2
0.48294	0.346093	0.398974	0.424722	0.64477	0.439456	0.603401	0.579568	0.489049	0.309818	2
0.490048	0.34058	0.381026	0.446111	0.613189	0.472969	0.576871	0.623736	0.449008	0.33485	2
0.486352	0.325614	0.370769	0.450833	0.591713	0.483718	0.563946	0.632502	0.4141	0.387841	2
0.467728	0.313957	0.394103	0.474444	0.593482	0.512804	0.566326	0.634187	0.393908	0.386541	2
0.466022	0.315375	0.377436	0.466389	0.587671	0.510907	0.588095	0.673972	0.399384	0.352731	2
0.369633	0.269061	0.696923	0.764444	0.619	0.144799	0.312585	0.362104	0.454483	0.658973	2
0.359682	0.284342	0.702308	0.735556	0.655887	0.157129	0.30102	0.295347	0.46783	0.680104	2
0.358544	0.283869	0.677949	0.808333	0.625569	0.13405	0.356122	0.263318	0.457221	0.683355	2
0.337504	0.283869	0.699487	0.843889	0.595503	0.092001	0.304082	0.358058	0.488364	0.692458	2
0.278931	0.364839	0.788718	0.7825	0.543204	0.004742	0.32517	0.446392	0.575291	0.651821	2
0.272676	0.347196	0.771538	0.8025	0.600303	0.055327	0.304082	0.404248	0.506845	0.610533	2
0.361956	0.322306	0.378974	0.754444	0.609904	0.534619	0.364286	0.371881	0.30527	0.678479	2
0.357976	0.322149	0.414615	0.763889	0.617484	0.55675	0.411224	0.378962	0.231691	0.675878	2
0.332101	0.337429	0.451026	0.791111	0.627084	0.531774	0.394218	0.357384	0.185147	0.710338	2
0.302104	0.359798	0.476923	0.810278	0.622789	0.500474	0.359864	0.32704	0.180014	0.755852	2
0.301393	0.347984	0.490513	0.769167	0.642496	0.505849	0.359524	0.38739	0.10883	0.772432	2
0.321154	0.323094	0.447949	0.755556	0.644517	0.533987	0.414286	0.408294	0.05373	0.746424	2
0.426642	0.30482	0.488718	0.707778	0.597524	0.287702	0.310204	0.312542	0.440452	0.727243	2
0.441854	0.303875	0.422308	0.723333	0.632643	0.306987	0.351361	0.250843	0.413758	0.741873	2
0.416406	0.306711	0.433077	0.748611	0.61521	0.267468	0.382993	0.230276	0.460986	0.736021	2
0.377168	0.319628	0.468462	0.770833	0.546993	0.260828	0.372109	0.256912	0.530801	0.682055	2
0.383423	0.288595	0.438462	0.752222	0.544214	0.342396	0.357143	0.215779	0.542437	0.702536	2
0.392238	0.244644	0.431282	0.708333	0.597777	0.319949	0.487415	0.182401	0.437714	0.78381	2
0.207279	0.331128	0.626923	0.781944	0.590197	0.096744	0.345918	0.301079	0.419918	0.894018	2
0.177708	0.37051	0.665897	0.733611	0.59045	0.052482	0.340476	0.32468	0.460301	0.903121	2
0.163918	0.369565	0.677949	0.706944	0.634664	0.047107	0.32449	0.373567	0.44935	0.928804	2
0.150981	0.378544	0.635641	0.728889	0.635927	0.114448	0.386735	0.320297	0.434292	0.8342	2
0.127239	0.401071	0.615385	0.748333	0.569227	0.223838	0.42551	0.279838	0.451403	0.770806	2
0.111601	0.384531	0.639744	0.756667	0.585144	0.170408	0.480612	0.353675	0.407255	0.768531	2
0.415695	0.485665	0.25359	0.6725	0.271349	0.599431	0.329932	0.515172	0.520876	0.287711	3
0.413278	0.481727	0.251538	0.663889	0.294593	0.519127	0.422789	0.435266	0.592745	0.29909	3
0.412141	0.47574	0.250513	0.674444	0.287266	0.561808	0.356803	0.506069	0.563313	0.270806	3
0.415411	0.491336	0.223333	0.665556	0.316069	0.594372	0.336054	0.502023	0.528063	0.281534	3
0.413989	0.491808	0.203077	0.687222	0.319859	0.595321	0.316327	0.54147	0.465435	0.299415	3
0.40418	0.472747	0.238718	0.714167	0.33047	0.561808	0.328231	0.552259	0.456537	0.306892	3
0.463037	0.451953	0.229231	0.494167	0.503032	0.271261	0.534354	0.544167	0.486995	0.386541	3
0.463321	0.432105	0.285128	0.420556	0.498484	0.318053	0.506803	0.549225	0.51848	0.412874	3
0.468723	0.432735	0.29359	0.387778	0.483578	0.344293	0.52449	0.513149	0.548939	0.401495	3
0.469008	0.445495	0.264615	0.386667	0.50758	0.349668	0.510204	0.490897	0.542779	0.392068	3
0.459625	0.443604	0.25641	0.364722	0.531076	0.365476	0.501361	0.468645	0.527036	0.422302	3
0.449246	0.438248	0.216923	0.375278	0.511622	0.373696	0.515646	0.47269	0.501711	0.449285	3
0.493887	0.482514	0.369487	0.688889	0.341587	0.593424	0.514286	0.747809	0.397331	0.54844	3
0.502843	0.470227	0.371026	0.706944	0.317837	0.591843	0.469388	0.754889	0.428474	0.552666	3
0.517629	0.461405	0.371026	0.713611	0.304194	0.568132	0.444218	0.757923	0.45859	0.567295	3
0.527438	0.454474	0.380513	0.7125	0.3143	0.549162	0.465306	0.726568	0.500342	0.59948	3
0.531134	0.445967	0.378974	0.725278	0.323648	0.543471	0.47585	0.713082	0.495551	0.610533	3
0.525874	0.435728	0.367692	0.741944	0.332996	0.561808	0.481293	0.708024	0.48152	0.593303	3
0.452232	0.478576	0.538718	0.322222	0.58287	0.301296	0.555442	0.395145	0.574949	0.36671	3
0.455502	0.486452	0.488718	0.383889	0.56948	0.289915	0.553061	0.430546	0.591376	0.312419	3
0.452801	0.476371	0.50282	0.355	0.604598	0.246918	0.551361	0.457181	0.568104	0.321521	3
0.443844	0.467706	0.502308	0.326944	0.634664	0.220993	0.534014	0.459879	0.563313	0.304291	3
0.449104	0.43431	0.512564	0.402778	0.504295	0.350617	0.484694	0.414363	0.657084	0.286086	3
0.445692	0.423283	0.487949	0.444167	0.448964	0.428075	0.384694	0.54147	0.561259	0.310793	3
0.518197	0.347196	0.591282	0.348333	0.495958	0.176731	0.571769	0.420094	0.314511	0.637841	3
0.516634	0.343573	0.563077	0.393333	0.472714	0.190642	0.586395	0.418409	0.33744	0.623537	3
0.500142	0.32782	0.627949	0.377222	0.493431	0.146696	0.562585	0.45381	0.342916	0.643693	3
0.5118	0.331601	0.623333	0.378056	0.526276	0.130572	0.621088	0.404922	0.335387	0.61801	3
0.513932	0.340107	0.586667	0.446667	0.508338	0.114448	0.668367	0.397842	0.343258	0.588752	3
0.49801	0.349401	0.601795	0.433333	0.514149	0.112235	0.597619	0.447404	0.315195	0.607932	3
0.386409	0.4184	0.399487	0.520556	0.444164	0.264938	0.586395	0.201281	0.445927	0.659298	3
0.383281	0.411783	0.422308	0.533333	0.413087	0.295289	0.538776	0.206676	0.455168	0.60078	3
0.369491	0.421708	0.414615	0.521944	0.424204	0.318685	0.502381	0.214767	0.437714	0.574447	3
0.349872	0.43305	0.420256	0.4925	0.467913	0.270629	0.521769	0.172286	0.45243	0.600455	3
0.335655	0.428481	0.434615	0.525278	0.445174	0.278849	0.512925	0.179366	0.466119	0.5829	3
0.31362	0.432577	0.454103	0.54	0.438353	0.281378	0.504422	0.204653	0.452772	0.595904	3
0.472846	0.549464	0.465128	0.432222	0.5	0.137844	0.608503	0.4029	0.252909	0.625813	3
0.467017	0.542848	0.491282	0.462778	0.497221	0.108441	0.614626	0.384356	0.321697	0.544538	3
0.45863	0.541115	0.48359	0.509167	0.46286	0.109706	0.593537	0.363115	0.359685	0.571847	3
0.455075	0.541588	0.477179	0.499444	0.476756	0.124881	0.557823	0.344909	0.330595	0.599805	3
0.450668	0.534499	0.487692	0.543889	0.428752	0.172305	0.522109	0.357047	0.295003	0.628413	3
0.444982	0.522527	0.504103	0.551944	0.420414	0.186532	0.508844	0.381322	0.273443	0.68433	3
0.2441	0.390832	0.482051	0.458611	0.428752	0.305722	0.603061	0.61969	0.349076	0.76658	3
0.221353	0.393195	0.490513	0.460278	0.461849	0.314259	0.57517	0.622387	0.353525	0.746749	3
0.224623	0.388941	0.453333	0.4275	0.52097	0.374328	0.502041	0.623061	0.348734	0.808192	3
0.231732	0.387839	0.392051	0.443889	0.517938	0.406892	0.539456	0.587323	0.320671	0.844929	3
0.225903	0.375709	0.388462	0.502222	0.435826	0.43092	0.614966	0.561699	0.306982	0.852731	3
0.225903	0.356333	0.35359	0.581667	0.362304	0.502687	0.673129	0.491908	0.395277	0.786086	3
0.371481	0.505986	0.420769	0.686389	0.124811	0.505849	0.656803	0.385367	0.646817	0.417425	4
0.379727	0.538437	0.375128	0.650556	0.141486	0.588049	0.586735	0.420094	0.657769	0.340377	4
0.366221	0.53891	0.348205	0.644444	0.18191	0.610496	0.498639	0.475725	0.599589	0.323472	4
0.353568	0.526308	0.344872	0.647778	0.245073	0.634208	0.428912	0.493931	0.549281	0.335176	4
0.326983	0.504411	0.347692	0.641111	0.307226	0.615555	0.452041	0.420094	0.542094	0.370936	4
0.294285	0.495747	0.347692	0.652778	0.345629	0.65128	0.402381	0.441335	0.477413	0.361508	4
0.36352	0.57719	0.635641	0.410833	0.268823	0.360417	0.487075	0.530681	0.719028	0.421977	4
0.361245	0.625394	0.578462	0.383611	0.281203	0.417958	0.47619	0.586986	0.649555	0.389467	4
0.35698	0.646503	0.537949	0.400278	0.295351	0.403414	0.465646	0.610924	0.609856	0.375488	4
0.353568	0.672968	0.494103	0.37	0.298888	0.437559	0.495578	0.570802	0.6013	0.341352	4
0.350156	0.707467	0.387436	0.332222	0.337292	0.508062	0.511905	0.511126	0.566735	0.277958	4
0.34447	0.703844	0.344872	0.304444	0.390854	0.377174	0.618367	0.463587	0.589322	0.26723	4
0.395081	0.535602	0.581795	0.786389	0.242041	0.39393	0.389116	0.883007	0.52909	0.619311	4
0.41271	0.519376	0.585641	0.806111	0.228398	0.384129	0.359184	0.908968	0.536619	0.676853	4
0.424225	0.51465	0.597692	0.823056	0.236736	0.36927	0.336395	0.895145	0.54757	0.666125	4
0.431476	0.508192	0.600769	0.852222	0.2524	0.35283	0.29898	0.88975	0.554757	0.710338	4
0.427353	0.484877	0.586667	0.883889	0.262254	0.362947	0.311565	0.856372	0.598905	0.678153	4
0.417543	0.46109	0.579744	0.907222	0.292067	0.367689	0.317007	0.813891	0.593429	0.640767	4
0.378305	0.614839	0.659231	0.347222	0.314553	0.293709	0.458163	0.759946	0.562971	0.354681	4
0.377026	0.563012	0.742308	0.391111	0.265286	0.303825	0.436395	0.764666	0.575975	0.393368	4
0.381007	0.484562	0.827179	0.456944	0.242041	0.242491	0.404082	0.740391	0.594114	0.507477	4
0.388968	0.436673	0.859231	0.501667	0.241789	0.190326	0.390816	0.714093	0.606776	0.564694	4
0.384419	0.441399	0.856154	0.483333	0.226377	0.182422	0.432653	0.724545	0.575975	0.568596	4
0.377737	0.442029	0.845897	0.493333	0.232188	0.153019	0.437075	0.737357	0.569131	0.573472	4
0.348735	0.526308	0.558205	0.240556	0.36382	0.293076	0.822449	0.493931	0.396646	0.51593	4
0.334092	0.530088	0.532308	0.269722	0.374937	0.364527	0.80068	0.471005	0.387406	0.464239	4
0.324709	0.547574	0.501282	0.256389	0.406266	0.449257	0.79932	0.391099	0.389459	0.432705	4
0.323003	0.540485	0.522051	0.333333	0.315058	0.484666	0.802721	0.42414	0.297399	0.48342	4
0.316321	0.527095	0.557949	0.368333	0.315563	0.40626	0.834354	0.463587	0.2423	0.510728	4
0.322576	0.530088	0.54718	0.290278	0.383274	0.391084	0.816667	0.500337	0.290554	0.469766	4
0.327836	0.564745	0.468974	0.3975	0.254169	0.343345	0.681633	0.599123	0.498289	0.326398	4
0.331106	0.541745	0.486667	0.439444	0.243052	0.268732	0.717007	0.605192	0.520192	0.345904	4
0.334376	0.555923	0.464359	0.418611	0.263012	0.277268	0.771769	0.538773	0.503765	0.339402	4
0.336224	0.583491	0.437692	0.348889	0.308742	0.340183	0.776531	0.483142	0.513005	0.303641	4
0.330822	0.582546	0.441795	0.361389	0.28095	0.378438	0.764966	0.480782	0.546201	0.270806	4
0.328831	0.582073	0.43	0.379444	0.243305	0.405944	0.757483	0.50944	0.525325	0.261378	4
0.38712	0.645243	0.57641	0.299722	0.195048	0.354094	0.557143	0.750843	0.221424	0.445384	4
0.383708	0.645873	0.593846	0.284444	0.159677	0.384761	0.545578	0.739042	0.243327	0.412224	4
0.376457	0.646345	0.565128	0.289167	0.134917	0.393298	0.563946	0.750506	0.228268	0.430429	4
0.371055	0.631537	0.555128	0.320556	0.115462	0.336706	0.591497	0.776467	0.253936	0.396294	4
0.36551	0.626654	0.549231	0.3275	0.120768	0.28454	0.616327	0.756912	0.329227	0.360533	4
0.362951	0.632168	0.539744	0.305278	0.123042	0.289915	0.616667	0.733985	0.368925	0.36801	4
0.340916	0.567265	0.318205	0.340278	0.34664	0.419538	0.931633	0.247808	0.323066	0.563719	4
0.314188	0.557183	0.335641	0.359167	0.304447	0.433765	0.960204	0.265341	0.358316	0.513004	4
0.25263	0.556711	0.364615	0.3575	0.336534	0.379071	1	0.265003	0.423682	0.55104	4
0.196616	0.573566	0.423333	0.296111	0.419656	0.30098	0.921429	0.376939	0.457906	0.5842	4
0.193489	0.559861	0.36718	0.298333	0.495958	0.39393	0.833333	0.304113	0.436345	0.630689	4
0.229457	0.538752	0.255128	0.351944	0.462355	0.521973	0.818707	0.270735	0.390828	0.679454	4
0.335371	0.502205	0.444103	0.620556	0.13618	0.534619	0.596599	0.353001	0.63347	0.427503	5
0.339067	0.516226	0.448462	0.613889	0.115715	0.561176	0.606122	0.349292	0.63963	0.397269	5
0.330395	0.536389	0.424872	0.580833	0.144012	0.522921	0.67517	0.307148	0.622861	0.415475	5
0.312198	0.5523	0.407179	0.550833	0.201112	0.436927	0.730272	0.283547	0.563997	0.495449	5
0.301678	0.569156	0.388205	0.52	0.242041	0.435979	0.72619	0.284221	0.524641	0.533485	5
0.30509	0.574354	0.380769	0.529167	0.210207	0.5362	0.634014	0.29973	0.574949	0.495774	5
0.410862	0.405955	0.719744	0.367778	0.467155	0.264622	0.490816	0.340526	0.8436	0.553316	5
0.393802	0.423598	0.736667	0.298333	0.490147	0.23933	0.522789	0.376939	0.823066	0.537711	5
0.377737	0.376654	0.745385	0.385278	0.374432	0.270629	0.572109	0.325691	0.777892	0.569896	5
0.401763	0.396188	0.707436	0.380278	0.362557	0.314891	0.502041	0.372218	0.806639	0.574772	5
0.406597	0.441714	0.659744	0.370556	0.429763	0.303825	0.455782	0.447067	0.842231	0.53381	5
0.386978	0.479994	0.591538	0.349167	0.448206	0.306355	0.459524	0.505732	0.821697	0.453511	5
0.438726	0.508192	0.531282	0.796389	0.28853	0.428707	0.405782	0.857047	0.425394	0.593303	5
0.434461	0.520006	0.536923	0.7675	0.27337	0.468543	0.439116	0.867161	0.416496	0.603706	5
0.450384	0.507877	0.526154	0.763889	0.27236	0.440721	0.442177	0.853001	0.455168	0.645644	5
0.471993	0.480466	0.504872	0.797222	0.272107	0.443566	0.418367	0.824343	0.470226	0.651821	5
0.481518	0.465658	0.466154	0.803333	0.275644	0.489093	0.438095	0.838166	0.458248	0.618986	5
0.484362	0.44581	0.431795	0.776944	0.287519	0.501739	0.512925	0.76062	0.47399	0.642718	5
0.390532	0.510712	0.644359	0.413056	0.400455	0.287702	0.540136	0.636885	0.640999	0.404096	5
0.395223	0.495747	0.691026	0.425556	0.377211	0.320582	0.536395	0.642279	0.704654	0.363459	5
0.403185	0.459357	0.716667	0.462222	0.330217	0.335441	0.491497	0.730614	0.677618	0.375488	5
0.411857	0.436043	0.713077	0.459444	0.343103	0.280114	0.49966	0.71207	0.763518	0.360208	5
0.415127	0.381222	0.727949	0.489722	0.356999	0.289598	0.461224	0.701281	0.794661	0.413199	5
0.407734	0.324827	0.733333	0.528056	0.368873	0.352513	0.441156	0.714767	0.753593	0.459363	5
0.38584	0.453844	0.478462	0.2675	0.480293	0.21625	0.917347	0.477073	0.275154	0.707087	5
0.393233	0.437461	0.464103	0.263611	0.502021	0.263674	0.867687	0.456507	0.347023	0.603056	5
0.377595	0.424543	0.432564	0.326667	0.517686	0.341448	0.785034	0.398179	0.310062	0.599805	5
0.336793	0.412256	0.454872	0.392222	0.569227	0.394246	0.705782	0.40998	0.211499	0.576073	5
0.313904	0.3839	0.522308	0.4825	0.5619	0.445779	0.668027	0.430209	0.159822	0.526658	5
0.278362	0.362161	0.564359	0.589444	0.528297	0.434714	0.684694	0.396831	0.228611	0.511053	5
0.359113	0.511185	0.417949	0.400556	0.3762	0.417325	0.571429	0.489548	0.477413	0.434655	5
0.372477	0.485665	0.468718	0.386944	0.367357	0.450206	0.551361	0.497303	0.519849	0.425228	5
0.38584	0.467234	0.482051	0.396944	0.358009	0.457793	0.554422	0.527647	0.531485	0.381339	5
0.38385	0.438721	0.495385	0.454167	0.351693	0.4638	0.520748	0.611261	0.504791	0.334525	5
0.363236	0.399653	0.502564	0.520278	0.382769	0.475498	0.468367	0.724882	0.409651	0.352406	5
0.327694	0.374291	0.511795	0.551111	0.439869	0.508062	0.477211	0.765341	0.367214	0.349805	5
0.408871	0.6569	0.562051	0.274722	0.374432	0.375277	0.563605	0.586649	0.166667	0.581925	5
0.406312	0.657057	0.526667	0.337778	0.356746	0.377806	0.611224	0.527984	0.139288	0.663199	5
0.397498	0.597196	0.564615	0.415	0.3095	0.353778	0.62551	0.519218	0.138946	0.666775	5
0.382428	0.558444	0.566667	0.466389	0.307731	0.350933	0.641156	0.4265	0.149213	0.686606	5
0.352858	0.532136	0.508205	0.429722	0.402729	0.408157	0.573129	0.298719	0.189596	0.74935	5
0.316889	0.515911	0.403077	0.443611	0.546236	0.411951	0.478571	0.203641	0.317933	0.762029	5
0.295422	0.513075	0.279231	0.461944	0.368873	0.432501	0.655102	0.375927	0.352156	0.820546	5
0.255047	0.513233	0.343333	0.456389	0.340829	0.394246	0.690816	0.479771	0.311088	0.794538	5
0.205573	0.511027	0.392821	0.475833	0.351693	0.39393	0.652041	0.485165	0.368583	0.786086	5
0.197754	0.469282	0.347949	0.516389	0.418393	0.47455	0.62415	0.376939	0.390144	0.821847	5
0.177566	0.472275	0.306923	0.538889	0.494442	0.431236	0.618707	0.385705	0.345654	0.91645	5
0.154819	0.474008	0.294103	0.562222	0.544972	0.375909	0.640136	0.400877	0.367214	0.86736	5
0.245806	0.598299	0.526667	0.6825	0.03335	0.549478	0.632313	0.58766	0.68104	0.427178	6
0.231589	0.574669	0.545897	0.714167	0.043962	0.460639	0.638095	0.555631	0.694045	0.461964	6
0.224055	0.555135	0.536667	0.6725	0.109651	0.301296	0.74898	0.530681	0.669405	0.545189	6
0.234859	0.535602	0.52359	0.683889	0.09146	0.374644	0.708503	0.544167	0.703628	0.507802	6
0.249076	0.529301	0.485128	0.651667	0.072259	0.453999	0.678231	0.570802	0.713895	0.477568	6
0.247086	0.543793	0.427436	0.5875	0.105356	0.510591	0.666327	0.554282	0.69781	0.459363	6
0.294285	0.722747	0.382308	0.281944	0.489389	0.165666	0.569388	0.648685	0.73922	0.465865	6
0.293574	0.685255	0.462564	0.3825	0.362304	0.245337	0.431973	0.596426	0.88809	0.431729	6
0.306653	0.689666	0.506154	0.367778	0.296867	0.358837	0.431293	0.590695	0.85729	0.446034	6
0.301251	0.675488	0.558974	0.386944	0.295857	0.325956	0.445578	0.559676	0.879877	0.516255	6
0.299403	0.66005	0.584615	0.4	0.310763	0.270945	0.444898	0.522252	0.919233	0.525033	6
0.30509	0.69518	0.519487	0.33	0.345629	0.250079	0.545918	0.528321	0.893908	0.438557	6
0.370202	0.57971	0.615128	0.831944	0.164224	0.316156	0.343537	0.958867	0.563313	0.715865	6
0.363804	0.540328	0.624103	0.861944	0.219555	0.283908	0.315306	0.906945	0.597536	0.741873	6
0.359966	0.473377	0.614615	0.947778	0.282466	0.27632	0.243197	0.851315	0.595825	0.780234	6
0.367785	0.46109	0.597692	0.953333	0.271602	0.291495	0.267007	0.888065	0.619097	0.776983	6
0.374893	0.486452	0.594872	0.898611	0.245326	0.302245	0.315646	0.95617	0.589665	0.789987	6
0.392949	0.502205	0.584359	0.847222	0.244568	0.297186	0.339456	0.968645	0.571869	0.801691	6
0.286892	0.519849	0.850513	0.617222	0.232946	0.275688	0.19966	0.700944	0.909651	0.614434	6
0.28021	0.476213	0.88359	0.688889	0.237241	0.269997	0.17449	0.659811	0.896646	0.690182	6
0.288883	0.412728	0.891026	0.758056	0.322132	0.261777	0.103061	0.552933	0.901095	0.796814	6
0.305516	0.359483	0.877436	0.792222	0.391107	0.285805	0.069388	0.471679	0.879877	0.864434	6
0.323856	0.313642	0.850256	0.810278	0.406771	0.286121	0.127211	0.443021	0.848392	0.892718	6
0.33793	0.303718	0.825641	0.789722	0.356493	0.255454	0.236735	0.516521	0.866872	0.833875	6
0.238556	0.566005	0.915897	0.46	0.271349	0.128675	0.513946	0.875927	0.468857	0.328023	6
0.256611	0.579238	0.900513	0.421389	0.259474	0.164401	0.556463	0.955496	0.447981	0.328023	6
0.251919	0.627757	0.911282	0.399444	0.254421	0.197281	0.543878	0.921443	0.431212	0.409623	6
0.230879	0.693447	0.864615	0.339167	0.243305	0.196333	0.540136	0.889076	0.332649	0.463914	6
0.217373	0.779143	0.648205	0.250278	0.308742	0.273158	0.690136	0.65644	0.304928	0.442783	6
0.220358	0.715186	0.607692	0.325556	0.34664	0.293392	0.756122	0.564397	0.353525	0.322822	6
0.259028	0.635791	0.455641	0.384167	0.375442	0.299715	0.786395	0.5853	0.514374	0.227893	6
0.264003	0.649653	0.410256	0.394167	0.398181	0.35694	0.829252	0.54383	0.448665	0.213589	6
0.280779	0.633113	0.431026	0.335833	0.439869	0.37749	0.82517	0.609912	0.450376	0.196684	6
0.296702	0.631222	0.417949	0.298611	0.458565	0.449889	0.811565	0.596089	0.492471	0.253901	6
0.279357	0.641147	0.415385	0.334444	0.457554	0.51976	0.803061	0.456844	0.511636	0.302666	6
0.248649	0.617832	0.523077	0.391389	0.432289	0.506797	0.716327	0.411666	0.524641	0.286736	6
0.354848	0.56695	0.817436	0.457778	0.17711	0.195384	0.414966	0.947067	0.496578	0.31762	6
0.355843	0.578135	0.824359	0.484722	0.17433	0.155549	0.382993	0.93122	0.54449	0.313069	6
0.346176	0.604442	0.774103	0.468333	0.165993	0.147961	0.428231	0.934592	0.495893	0.287061	6
0.325419	0.613579	0.692564	0.425278	0.164224	0.209611	0.538095	0.901214	0.334702	0.300065	6
0.310776	0.627757	0.6	0.381944	0.198838	0.279798	0.646599	0.806473	0.202943	0.3342	6
0.300398	0.598456	0.556667	0.301944	0.264022	0.35441	0.67415	0.72151	0.226557	0.31632	6
0.207848	0.676118	0.444103	0.265833	0.369126	0.330383	0.77483	0.73938	0	0.587776	6
0.188229	0.700378	0.448205	0.199722	0.398939	0.368637	0.716327	0.766352	0.001369	0.638166	6
0.175718	0.68368	0.507949	0.161667	0.416625	0.401518	0.643878	0.752529	0.104038	0.612484	6
0.179414	0.671708	0.472821	0.1175	0.493178	0.507114	0.607483	0.706676	0.045859	0.60078	6
0.187233	0.659105	0.389487	0.205	0.504295	0.428391	0.72381	0.674646	0.033539	0.585501	6
0.162923	0.653749	0.418205	0.33	0.402729	0.337654	0.813605	0.649359	0.055099	0.63459	6
0.180552	0.5638	0.669487	0.883333	0.078828	0.451786	0.37483	0.770398	0.748802	0.448309	7
0.17913	0.555135	0.670256	0.883611	0.055836	0.443566	0.37585	0.788267	0.756674	0.45091	7
0.174154	0.56695	0.663846	0.845	0.02855	0.446412	0.405782	0.774107	0.745722	0.466515	7
0.161643	0.560019	0.676667	0.823611	0.129864	0.249447	0.598299	0.520904	0.817248	0.586801	7
0.142593	0.586169	0.650256	0.761111	0.009853	0.449257	0.505782	0.712407	0.759411	0.447984	7
0.138328	0.584594	0.646923	0.713056	0	0.439456	0.563605	0.713419	0.74538	0.45091	7
0.180552	0.728891	0.762308	0.250833	0.254421	0.296238	0.62381	0.675657	0.525325	0.756827	7
0.186096	0.765595	0.723333	0.205556	0.262759	0.344926	0.679592	0.70971	0.488706	0.720091	7
0.19491	0.790643	0.668718	0.209167	0.268065	0.368321	0.772449	0.730951	0.451061	0.682055	7
0.183964	0.751418	0.742564	0.243889	0.246842	0.269681	0.728571	0.765341	0.439767	0.691482	7
0.174296	0.770006	0.787436	0.274722	0.258211	0.209295	0.641156	0.734322	0.495551	0.757477	7
0.177424	0.821046	0.757179	0.234722	0.274128	0.244072	0.604762	0.735334	0.541068	0.805592	7
0.198749	0.784342	0.597436	0.825	0.157655	0.148593	0.32517	0.912003	0.651266	0.513979	7
0.195763	0.791273	0.590769	0.813056	0.136938	0.175466	0.409184	0.837492	0.697468	0.512354	7
0.195479	0.783396	0.58	0.813611	0.100556	0.206133	0.544558	0.76298	0.723135	0.503901	7
0.205857	0.712981	0.570513	0.813611	0.111925	0.193171	0.602721	0.769386	0.762834	0.561118	7
0.215809	0.683837	0.567692	0.841111	0.056089	0.278533	0.52483	0.890088	0.670431	0.663199	7
0.218368	0.694077	0.575897	0.832222	0.09525	0.19412	0.536054	0.790627	0.738535	0.621912	7
0.233864	0.437618	0.878718	0.899444	0.228146	0.320582	0.028231	0.746123	0.814511	0.890442	7
0.234006	0.415406	0.883333	0.940278	0.217029	0.293076	0.059184	0.678692	0.804586	0.918401	7
0.233295	0.415879	0.88641	0.935	0.218545	0.264938	0.089116	0.633176	0.810062	0.868986	7
0.232442	0.414461	0.871538	0.913056	0.242799	0.276636	0	0.657788	0.84052	0.899545	7
0.238982	0.400441	0.869231	0.915556	0.21425	0.266835	0.032653	0.657451	0.850787	0.884915	7
0.245806	0.378229	0.868205	0.945	0.187468	0.248498	0.089796	0.65408	0.840862	0.885566	7
0.187376	0.781979	0.657949	0.349444	0.261243	0.100537	0.590136	0.969656	0.464066	0.491222	7
0.178135	0.818526	0.676154	0.317778	0.233957	0.185583	0.591497	0.828051	0.53525	0.533485	7
0.162639	0.81632	0.621026	0.286389	0.243557	0.284856	0.695578	0.774107	0.562286	0.485371	7
0.140603	0.812854	0.641795	0.351389	0.25139	0.24755	0.69932	0.781187	0.577687	0.472692	7
0.142309	0.810176	0.679744	0.378333	0.221324	0.232058	0.616667	0.745786	0.583162	0.494473	7
0.141456	0.773787	0.686923	0.385	0.226377	0.163136	0.566326	0.78321	0.572895	0.487971	7
0.137617	0.729049	0.531282	0.640833	0.277918	0.175466	0.718707	0.597775	0.745038	0.518531	7
0.13975	0.690769	0.540256	0.713611	0.237241	0.149858	0.698299	0.606878	0.780972	0.522107	7
0.145436	0.709357	0.520769	0.690556	0.187468	0.231426	0.678912	0.624073	0.791923	0.442133	7
0.147285	0.723693	0.523333	0.665833	0.163466	0.306355	0.695238	0.639919	0.788501	0.395969	7
0.147711	0.702899	0.541538	0.676944	0.181152	0.266835	0.697279	0.650034	0.826489	0.455137	7
0.161359	0.726213	0.461282	0.579444	0.165488	0.410054	0.754762	0.68004	0.797399	0.413199	7
0.142309	0.718809	0.610513	0.045	0.364831	0.434714	0.719728	0.716453	0.540041	0.297789	7
0.123685	0.754253	0.521538	0.100556	0.418898	0.425545	0.732993	0.706001	0.415469	0.293563	7
0.117572	0.786862	0.405641	0.123333	0.496968	0.421752	0.797959	0.658463	0.342231	0.276008	7
0.11288	0.793793	0.32359	0.154444	0.547751	0.433765	0.82381	0.615644	0.29295	0.289662	7
0.113165	0.789383	0.301026	0.165	0.579838	0.450838	0.854422	0.577546	0.269678	0.302991	7
0.114871	0.768116	0.395385	0.131944	0.547751	0.393614	0.863946	0.594403	0.388775	0.344278	7
0.119136	0.932105	0.434615	0.021389	0.486357	0.453051	0.588095	0.817937	0.164956	0.455137	7
0.104777	0.920447	0.36359	0	0.572006	0.595953	0.546939	0.731625	0.088296	0.491873	7
0.101507	0.909578	0.266923	0.078333	0.649318	0.576035	0.569048	0.637222	0.180014	0.522432	7
0.105203	0.903434	0.153846	0.169444	0.71905	0.56086	0.604082	0.551247	0.197467	0.526658	7
0.105488	0.885633	0.191538	0.145278	0.650328	0.543471	0.65	0.630479	0.241273	0.51723	7
0.099232	0.872558	0.258974	0.088611	0.591713	0.526399	0.639116	0.669589	0.346338	0.527958	7
0.192067	0.534026	0.396923	0.5825	0.366852	0.795131	0.348639	0.74882	0.494867	0.405072	8
0.203014	0.511657	0.33	0.559722	0.373168	0.739804	0.477211	0.613958	0.686174	0.357607	8
0.213108	0.486768	0.337436	0.571111	0.343608	0.801138	0.404762	0.746123	0.606434	0.429454	8
0.226471	0.44896	0.345385	0.585556	0.350177	0.780588	0.391156	0.80209	0.632444	0.420026	8
0.237134	0.419817	0.324872	0.585556	0.343103	0.763516	0.393878	0.826365	0.613963	0.488296	8
0.236707	0.398866	0.323077	0.62	0.36003	0.81252	0.387755	0.885368	0.457221	0.55039	8
0.149275	0.663359	0.677949	0.484722	0.292825	0.466962	0.552721	0.515846	0.74538	0.813719	8
0.134205	0.674858	0.681795	0.399167	0.328449	0.432501	0.556463	0.545853	0.668378	0.772432	8
0.126244	0.650126	0.73641	0.449444	0.260485	0.400569	0.563265	0.526298	0.596851	0.758778	8
0.139181	0.678796	0.747436	0.529444	0.190248	0.437875	0.568027	0.514161	0.596167	0.704486	8
0.149417	0.72511	0.708205	0.500833	0.212228	0.483402	0.687075	0.476736	0.649897	0.595904	8
0.152829	0.764965	0.533333	0.380833	0.36382	0.590262	0.689796	0.488874	0.6564	0.555267	8
0.307222	0.452741	0.461795	0.82	0.247094	0.250711	0.62381	0.681052	0.756674	0.695059	8
0.267415	0.441556	0.496154	0.953333	0.323901	0.269365	0.539456	0.608564	0.687543	0.671651	8
0.246375	0.468967	0.494872	1	0.273876	0.371483	0.521429	0.63385	0.706023	0.548114	8
0.236281	0.500788	0.507179	0.936667	0.234209	0.53209	0.469388	0.719825	0.765914	0.355657	8
0.23685	0.504096	0.50641	0.8725	0.257201	0.582359	0.529932	0.712407	0.80219	0.338427	8
0.25391	0.472275	0.474103	0.828333	0.274381	0.644957	0.480612	0.860081	0.739562	0.381339	8
0.271823	0.47322	0.685641	0.425	0.221324	0.515966	0.398299	0.803776	0.720739	0.687906	8
0.286181	0.416982	0.738205	0.508889	0.233451	0.471704	0.377211	0.771072	0.749144	0.827373	8
0.290304	0.364682	0.768205	0.583889	0.237999	0.477079	0.403061	0.731625	0.700548	0.874187	8
0.292295	0.361531	0.754359	0.564722	0.207428	0.530509	0.480952	0.742414	0.664271	0.830949	8
0.293716	0.336641	0.744359	0.585556	0.189237	0.546317	0.529592	0.736008	0.627652	0.817295	8
0.279357	0.312854	0.737692	0.619167	0.195806	0.603857	0.589796	0.724882	0.532854	0.703836	8
0.160933	0.620195	0.625385	0.303889	0.596513	0.536516	0.636735	0.582603	0.365161	0.244473	8
0.16207	0.634531	0.578205	0.318611	0.627337	0.483718	0.652381	0.604518	0.30527	0.266905	8
0.162496	0.604915	0.620256	0.349167	0.569227	0.437559	0.676871	0.630479	0.366188	0.254876	8
0.159795	0.603182	0.669231	0.349444	0.567206	0.414164	0.646939	0.602832	0.390144	0.258127	8
0.153824	0.623819	0.716667	0.356667	0.566953	0.388555	0.590476	0.539784	0.388433	0.25065	8
0.161217	0.601134	0.647692	0.414167	0.592471	0.388555	0.632993	0.570465	0.326831	0.23277	8
0.208985	0.626024	0.229231	0.608611	0.462102	0.699968	0.585374	0.927512	0.50616	0.124512	8
0.186238	0.592155	0.394103	0.586389	0.418646	0.62662	0.485714	0.974376	0.601985	0.157022	8
0.204151	0.545369	0.376923	0.582222	0.420162	0.640215	0.469388	1	0.543806	0.174252	8
0.203867	0.525835	0.385641	0.626389	0.443153	0.567815	0.509184	0.884693	0.63655	0.191808	8
0.191783	0.484405	0.453846	0.706111	0.479282	0.555801	0.446939	0.862104	0.618412	0.242198	8
0.194057	0.425331	0.482051	0.789722	0.519202	0.621562	0.340816	0.826703	0.509925	0.421001	8
0.174438	0.561437	0.611282	0.195	0.612431	0.364527	0.814286	0.908968	0.123203	0.449285	8
0.165766	0.546156	0.688974	0.184444	0.591713	0.386658	0.735374	0.933918	0.138946	0.458387	8
0.156952	0.542533	0.690513	0.166111	0.621779	0.464433	0.659524	0.805799	0.097878	0.53316	8
0.162212	0.555766	0.565897	0.190833	0.713239	0.48024	0.605442	0.66824	0.055784	0.607932	8
0.167046	0.537965	0.546667	0.224167	0.748863	0.473917	0.518367	0.606878	0.068789	0.614434	8
0.14373	0.547417	0.558205	0.2825	0.781961	0.485615	0.411224	0.479434	0.24538	0.594928	8
0.10563	0.849874	0.53	0.058889	0.622789	0.453999	0.485374	0.541807	0.124914	0.542263	8
0.105203	0.845936	0.430256	0.146667	0.700606	0.434714	0.536395	0.483817	0.019849	0.538687	8
0.104635	0.840895	0.4	0.203056	0.688732	0.404995	0.59898	0.470668	0.094798	0.483745	8
0.089707	0.849086	0.444615	0.155556	0.667762	0.421752	0.562585	0.496966	0.122177	0.507477	8
0.078192	0.867832	0.510256	0.107778	0.611925	0.408789	0.516327	0.552259	0.088296	0.56632	8
0.079613	0.869565	0.426667	0.160556	0.705659	0.436927	0.420748	0.467633	0.092402	0.606307	8
0.222206	0.486137	0.284359	0.829722	0.553815	0.762883	0.364286	0.672623	0.572553	0.274382	9
0.218652	0.48598	0.277436	0.841667	0.548509	0.761303	0.368707	0.687121	0.529432	0.307867	9
0.209127	0.489288	0.282821	0.832222	0.549773	0.783433	0.347279	0.674309	0.494182	0.376463	9
0.216662	0.481727	0.229231	0.836667	0.568469	0.714512	0.446258	0.584626	0.622519	0.314044	9
0.217088	0.480151	0.194615	0.838889	0.562658	0.704711	0.457143	0.622724	0.635866	0.247399	9
0.190788	0.493699	0.215641	0.839167	0.548509	0.74834	0.355102	0.726568	0.515743	0.220741	9
0.098237	0.552142	0.615128	0.533889	0.403992	0.658236	0.590136	0.517532	0.607118	0.796164	9
0.079755	0.587429	0.641026	0.580556	0.33527	0.717673	0.565646	0.448078	0.682752	0.636541	9
0.076059	0.600347	0.656923	0.594167	0.301668	0.736326	0.539456	0.461564	0.638946	0.635891	9
0.064259	0.625394	0.664359	0.585	0.338555	0.616503	0.592517	0.413688	0.678303	0.645644	9
0.047057	0.683365	0.653077	0.511944	0.392117	0.547898	0.607823	0.464599	0.583847	0.690832	9
0.037959	0.72448	0.641538	0.413333	0.387569	0.595321	0.637415	0.535738	0.396988	0.666775	9
0.176144	0.559704	0.478718	0.656389	0.262001	0.491622	0.766667	0.537087	1	0.601755	9
0.147995	0.5523	0.537949	0.727778	0.281961	0.444515	0.707483	0.50944	0.96475	0.560468	9
0.124822	0.584751	0.581538	0.7725	0.345124	0.36105	0.72483	0.428523	0.9295	0.607932	9
0.119136	0.588689	0.593846	0.808333	0.375947	0.356623	0.69898	0.397505	0.937714	0.654096	9
0.117287	0.558444	0.597436	0.818056	0.382264	0.337022	0.716667	0.396494	0.919576	0.675228	9
0.118709	0.549779	0.568718	0.758056	0.370642	0.314575	0.767347	0.438638	0.9141	0.69961	9
0.228888	0.31758	0.576667	0.483611	0.395654	0.667404	0.518027	0.720499	0.742984	0.760403	9
0.204578	0.3431	0.587692	0.479444	0.417888	0.67847	0.508163	0.738705	0.735455	0.709688	9
0.162781	0.3661	0.625128	0.518611	0.447196	0.685109	0.478912	0.721848	0.726215	0.64922	9
0.127239	0.38138	0.660256	0.556111	0.45806	0.680367	0.436054	0.692515	0.720397	0.589402	9
0.11615	0.383743	0.677949	0.560278	0.434058	0.691748	0.440136	0.691504	0.704997	0.577373	9
0.098095	0.425961	0.679231	0.5525	0.448711	0.687638	0.434694	0.709036	0.699521	0.513004	9
0.149417	0.643982	0.780513	0.559167	0.684942	0.415112	0.430272	0.70027	0.21013	0.292263	9
0.145436	0.6161	0.76641	0.544722	0.723092	0.389188	0.513946	0.706676	0.252909	0.24935	9
0.127523	0.566478	0.78641	0.468889	0.714755	0.432501	0.49966	0.710384	0.238193	0.185631	9
0.109326	0.611374	0.790513	0.444444	0.69808	0.478976	0.47517	0.696898	0.268652	0.181404	9
0.101507	0.676118	0.793846	0.423333	0.707428	0.48846	0.512585	0.726231	0.311088	0.208713	9
0.094825	0.680529	0.901282	0.386944	0.650328	0.543788	0.490816	0.734322	0.394935	0.188882	9
0.0735	0.709357	0.342051	0.586389	0.651592	0.35852	0.677211	0.436278	0.46167	0.091352	9
0.07151	0.715658	0.350256	0.586111	0.647802	0.319949	0.710544	0.437289	0.494524	0.063719	9
0.066392	0.733932	0.410513	0.55	0.596766	0.322163	0.644218	0.449427	0.621492	0	9
0.060136	0.772842	0.455641	0.474722	0.629864	0.226051	0.659864	0.430546	0.594456	0.117035	9
0.053312	0.810492	0.462308	0.441944	0.625569	0.208663	0.630612	0.455833	0.543806	0.178804	9
0.046346	0.825614	0.394615	0.495	0.601819	0.226051	0.669048	0.431558	0.558179	0.052666	9
0.035115	0.638626	0.759231	0.404444	0.642749	0.160607	0.636395	0.595752	0.120808	0.474317	9
0.027154	0.602552	0.781795	0.353611	0.671551	0.244072	0.64966	0.648685	0.0705	0.459363	9
0.020188	0.534499	0.849487	0.315278	0.682921	0.310149	0.627551	0.773432	0.068789	0.446684	9
0.018624	0.553718	0.886667	0.2875	0.663972	0.335757	0.571769	0.722859	0.100616	0.448635	9
0.007535	0.592628	0.910513	0.296111	0.626326	0.321214	0.505782	0.711396	0.104381	0.465215	9
0	0.601449	0.847949	0.298889	0.650328	0.335757	0.565986	0.736008	0.07666	0.447334	9
0.043929	0.908002	0.493077	0.2425	0.495958	0.170092	0.809184	0.38267	0.241958	0.662549	9
0.037532	0.931159	0.523846	0.126667	0.507327	0.185583	0.72483	0.526972	0.284052	0.632315	9
0.028433	0.984562	0.415128	0.053889	0.580344	0.258615	0.707483	0.487862	0.264203	0.776008	9
0.023031	0.964083	0.463846	0.147778	0.514654	0.265887	0.608844	0.409643	0.491102	0.588752	9
0.02431	1	0.19641	0.318056	0.607883	0.319949	0.523809	0.230614	0.491444	0.683355	9
0.025163	0.98724	0.218974	0.312222	0.637948	0.32153	0.45102	0.264666	0.455168	0.644993	9
0.223486	0.266541	0.465897	0.885556	0.494947	0.778691	0.390816	0.614295	0.252909	0.281534	10
0.221496	0.259452	0.483846	0.865	0.481304	0.822321	0.402721	0.616993	0.279261	0.28186	10
0.21979	0.253781	0.473333	0.888889	0.488378	0.797344	0.40068	0.628119	0.320671	0.272757	10
0.225618	0.24874	0.456154	0.879722	0.488378	0.793867	0.429932	0.625084	0.354552	0.272107	10
0.230026	0.246377	0.437179	0.865556	0.493178	0.789757	0.47619	0.602158	0.383641	0.245124	10
0.228462	0.237713	0.423333	0.8875	0.498737	0.783433	0.490136	0.600472	0.37269	0.220091	10
0.157663	0.233617	0.743846	0.508889	0.786256	0.717673	0.748299	0.448078	0.28371	0.328999	10
0.133068	0.226213	0.824359	0.575278	0.774886	0.665507	0.764626	0.460553	0.268994	0.333225	10
0.104919	0.259452	0.857692	0.646667	0.733957	0.666456	0.744898	0.363115	0.247091	0.342328	10
0.10435	0.239446	0.91641	0.699167	0.709702	0.598482	0.667007	0.346932	0.143053	0.377113	10
0.127523	0.183995	0.905385	0.7225	0.710965	0.505533	0.576531	0.37087	0.092745	0.400845	10
0.149701	0.146818	0.868462	0.694167	0.678878	0.566235	0.657143	0.325354	0.031828	0.384265	10
0.569946	0.160838	0	0.616111	0.444669	0.950047	0.631633	0.784558	0.078029	0.316645	10
0.556298	0.154222	0.013846	0.656667	0.467155	0.976288	0.619728	0.744437	0.015058	0.363459	10
0.542792	0.152647	0.050513	0.696944	0.473219	1	0.646258	0.703978	0.031485	0.30039	10
0.53938	0.150441	0.059744	0.689167	0.481556	0.981347	0.669048	0.747134	0.043463	0.319246	10
0.544072	0.150126	0.056667	0.651667	0.464376	0.988302	0.680272	0.805462	0.060575	0.31827	10
0.568098	0.155325	0.01641	0.623056	0.441637	0.980715	0.693878	0.886716	0.086585	0.324447	10
0.520756	0.137681	0.212308	0.459167	0.511875	0.758141	0.710204	0.856709	0.596167	0.397919	10
0.526585	0.128702	0.194615	0.4625	0.516928	0.760986	0.711905	0.871207	0.593429	0.397919	10
0.505402	0.122558	0.196923	0.492222	0.536887	0.781853	0.704762	0.880647	0.547912	0.386866	10
1	0.109641	0.221282	0.535833	0.550531	0.805248	0.704762	0.88031	0.512663	0.38199	10
0.463179	0.106805	0.242051	0.563333	0.551541	0.815049	0.72415	0.870533	0.496235	0.376138	10
0.448251	0.1046	0.253846	0.584722	0.555584	0.834018	0.735714	0.875253	0.486311	0.371261	10
0.309497	0	0.705128	0.813889	0.704144	0.77711	0.4	0.278152	0.298768	0.714239	10
0.291299	0.021582	0.714615	0.791389	0.711218	0.784382	0.370748	0.261295	0.374059	0.754551	10
0.258885	0.050095	0.759744	0.821111	0.703638	0.739804	0.301701	0.232299	0.451061	0.746424	10
0.24538	0.065217	0.786923	0.808333	0.683426	0.732216	0.297279	0.232974	0.44319	0.733095	10
0.216378	0.106333	0.815128	0.754444	0.690248	0.742966	0.267007	0.200944	0.430527	0.774382	10
0.215809	0.111216	0.824103	0.734722	0.692016	0.739172	0.24932	0.178692	0.433607	0.802341	10
0.268553	0.152962	0.509487	0.658889	0.770086	0.574455	0.882993	0.072151	0.208419	0.582575	10
0.27623	0.188248	0.46	0.603333	0.80091	0.641796	0.82619	0	0.198494	0.610858	10
0.264999	0.175646	0.531538	0.6475	0.783224	0.573506	0.838776	0.027647	0.11807	0.636541	10
0.229883	0.179112	0.630513	0.674167	0.807479	0.492887	0.759184	0.104855	0.061602	0.627113	10
0.203298	0.19896	0.663846	0.701111	0.799141	0.470123	0.731973	0.07114	0.116701	0.562419	10
0.192351	0.218809	0.650513	0.716389	0.783729	0.486563	0.721769	0.03439	0.150924	0.521456	10
0.28476	0.104915	0.505385	0.696389	0.923699	0.602276	0.586054	0.116655	0.467146	0.526983	10
0.253057	0.121928	0.544872	0.717222	0.939111	0.566551	0.577891	0.148348	0.427447	0.573472	10
0.231021	0.140832	0.545641	0.754444	0.938353	0.5773	0.584014	0.155765	0.390828	0.610533	10
0.206284	0.150284	0.576154	0.745	0.979788	0.619981	0.60102	0.192178	0.380561	0.64857	10
0.137049	0.195337	0.701282	0.7725	1	0.63326	0.552381	0.261295	0.443874	0.658973	10
0.074495	0.26465	0.865641	0.798056	0.946185	0.587101	0.481633	0.301753	0.446954	0.641417	10
0.021751	0.55293	0.991795	0.915	0.471956	0.111603	0.331633	0.477411	0.530459	0.761703	10
0.012368	0.566005	1	0.8925	0.467408	0.159975	0.269048	0.510452	0.572553	0.695709	10
0.011373	0.545999	0.987436	0.929167	0.388075	0.152387	0.292517	0.486514	0.612936	0.669701	10
0.012226	0.527883	0.966667	0.947778	0.351945	0.102118	0.333333	0.454484	0.652977	0.633615	10
0.009667	0.523787	0.949487	0.918611	0.39717	0.116978	0.236395	0.439649	0.709788	0.608908	10
0.01507	0.510712	0.93	0.868889	0.425467	0.127727	0.193197	0.377613	0.740589	0.603381	10
0.309781	0.474638	0.345128	0.596111	0.32668	0.702498	0.327211	0.664869	0.545859	0.278609	11
0.322007	0.46046	0.338462	0.610278	0.307731	0.675308	0.331633	0.740054	0.528063	0.272432	11
0.334376	0.456994	0.345385	0.605	0.297878	0.703762	0.315986	0.75826	0.482204	0.309818	11
0.358402	0.460933	0.314359	0.578611	0.293835	0.722415	0.321088	0.774781	0.448323	0.370286	11
0.371766	0.44644	0.317436	0.573611	0.260738	0.672779	0.335714	0.775118	0.500684	0.366385	11
0.361814	0.439509	0.330513	0.597222	0.268065	0.656339	0.327551	0.761295	0.507529	0.315019	11
0.30182	0.419502	0.65	0.331389	0.45427	0.552008	0.538095	0.410654	0.586585	0.502601	11
0.310065	0.387366	0.718205	0.357778	0.388075	0.569396	0.642857	0.389751	0.476386	0.570546	11
0.325419	0.439509	0.637179	0.293333	0.420162	0.638634	0.653061	0.376939	0.433607	0.535436	11
0.32215	0.472275	0.557692	0.325	0.424457	0.694278	0.527551	0.401551	0.559206	0.362809	11
0.302673	0.45794	0.607436	0.350556	0.415109	0.636105	0.493537	0.411666	0.581451	0.362809	11
0.306085	0.465028	0.547692	0.320556	0.546993	0.483086	0.463946	0.512138	0.62115	0.353381	11
0.317316	0.483459	0.414615	0.787778	0.302425	0.68258	0.45068	0.869521	0.505818	0.384915	11
0.333239	0.419817	0.428205	0.834444	0.3143	0.625672	0.377551	0.826703	0.610198	0.397919	11
0.356412	0.403119	0.404872	0.8275	0.325164	0.594372	0.387075	0.756575	0.670089	0.320221	11
0.376599	0.415091	0.396667	0.761667	0.272865	0.646222	0.415306	0.791639	0.673169	0.295839	11
0.381149	0.435728	0.397692	0.7275	0.245831	0.680367	0.431973	0.823331	0.629363	0.295839	11
0.38257	0.440139	0.391795	0.751389	0.258717	0.627569	0.431633	0.857047	0.583504	0.324447	11
0.394086	0.324984	0.658718	0.458611	0.362304	0.452419	0.402721	0.672623	0.693361	0.578023	11
0.394797	0.337744	0.670256	0.453611	0.332491	0.474866	0.443537	0.673635	0.69165	0.590377	11
0.387831	0.328292	0.685128	0.470278	0.30571	0.4951	0.485034	0.642616	0.679671	0.605982	11
0.37006	0.332861	0.689744	0.476111	0.322385	0.510907	0.47415	0.640593	0.669747	0.580624	11
0.356412	0.345148	0.706154	0.478611	0.346387	0.522921	0.484014	0.662846	0.641342	0.564369	11
0.342195	0.361531	0.702821	0.483333	0.372158	0.534303	0.493878	0.664531	0.640657	0.536086	11
0.327125	0.345306	0.602308	0.285278	0.566448	0.355991	0.664966	0.691167	0.244695	0.48472	11
0.325277	0.345463	0.578462	0.306111	0.556342	0.348087	0.659864	0.668914	0.205681	0.495124	11
0.311487	0.363422	0.576667	0.311944	0.559626	0.338603	0.64932	0.625759	0.200548	0.497074	11
0.317742	0.363422	0.580769	0.363889	0.557858	0.280746	0.685714	0.61025	0.173854	0.505527	11
0.336224	0.359798	0.581538	0.368333	0.560384	0.288334	0.673129	0.607552	0.147844	0.539337	11
0.355417	0.353655	0.631795	0.406111	0.562911	0.217515	0.652721	0.596426	0.192676	0.462939	11
0.312624	0.457152	0.423846	0.662222	0.461849	0.557066	0.581973	0.717802	0.470226	0.174252	11
0.31433	0.440769	0.415641	0.673333	0.436331	0.536516	0.581973	0.752192	0.478097	0.217815	11
0.307791	0.431002	0.426667	0.651111	0.426225	0.532722	0.551701	0.727579	0.491102	0.236021	11
0.313477	0.422338	0.413333	0.653889	0.412329	0.492254	0.594898	0.688806	0.539357	0.203511	11
0.318169	0.406112	0.42	0.664722	0.409045	0.450838	0.607143	0.681389	0.577002	0.186281	11
0.317174	0.403907	0.421795	0.656667	0.41334	0.445147	0.613605	0.669252	0.580767	0.188557	11
0.381433	0.403592	0.600769	0.343889	0.517938	0.346507	0.507483	0.665543	0.073238	0.524707	11
0.361956	0.45794	0.539231	0.360556	0.53714	0.338286	0.534014	0.5971	0.018823	0.61736	11
0.341058	0.508507	0.468205	0.421667	0.534613	0.299083	0.586395	0.468307	0.025667	0.738622	11
0.324282	0.517958	0.458205	0.448611	0.515159	0.312678	0.571088	0.425489	0.060233	0.746099	11
0.327552	0.514493	0.405897	0.448333	0.540172	0.373696	0.512245	0.386042	0.120123	0.704486	11
0.349588	0.480781	0.45359	0.407222	0.535119	0.391401	0.563946	0.452798	0.060917	0.637516	11
0.154393	0.563012	0.594872	0.316389	0.563416	0.365476	0.363946	0.350303	0.409993	0.826723	11
0.147569	0.562854	0.561282	0.355278	0.568216	0.36516	0.390816	0.325354	0.387748	0.86801	11
0.150697	0.526623	0.482564	0.422222	0.64098	0.376225	0.42619	0.307485	0.378508	0.785761	11
0.155815	0.493069	0.448462	0.428056	0.703638	0.368321	0.437075	0.394471	0.370637	0.694408	11
0.148138	0.484089	0.478462	0.398333	0.715766	0.378754	0.406122	0.41942	0.436003	0.617685	11
0.135058	0.4885	0.514103	0.3375	0.722082	0.376225	0.360204	0.452798	0.513689	0.65052	11