0.192308 0.156863 0.26506 0.044479 0.059347 0.010453 0.232019 0.080778 0.736364 0.244186 0.596774 1
0.615385 0.352941 0.53012 0.08589 0.118694 0.062718 0.266821 0.186813 0.245455 0.337209 0.306452 2
0.336538 0.294118 0.138554 0.090491 0.121662 0.055749 0.215777 0.114324 0.345454 0.383721 0.516129 2
0.365385 0.127451 0.210843 0.009202 0.094955 0.017422 0.225058 0.082706 0.309091 0.267442 0.532258 2
0.278846 0.22549 0.186747 0.142638 0.091988 0.027875 0.385151 0.157894 0.672727 0.383721 0.548387 2
0.326923 0.52451 0.060241 0.01227 0.175074 0.080139 0.336427 0.151918 0.436364 0.302326 0.274194 2
0.144231 0.382353 0.060241 0.010736 0.080119 0.031359 0.150812 0.071524 0.690909 0.372093 0.516129 2
0.230769 0.171569 0.144578 0.016871 0.089021 0.47561 0.610209 0.142857 0.736364 0.360465 0.258065 2
0.25 0.504902 0.084337 0.070552 0.145401 0.045296 0.204176 0.154039 0.6 0.162791 0.16129 2
0.519231 0.078431 0.295181 0.021472 0.103858 0.055749 0.227378 0.15481 0.345454 0.360465 0.354839 2
0.278846 0.137255 0.13253 0.009202 0.086053 0.010453 0.266821 0.07461 0.345454 0.174419 0.516129 2
0.230769 0.294118 0.108434 0.104294 0.255193 0.090592 0.431555 0.204743 0.736364 0.569767 0.193548 2
0.317308 0.441176 0.144578 0.003067 0.059347 0.094077 0.178654 0.113552 0.4 0.116279 0.177419 2
0.230769 0.171569 0.144578 0.016871 0.089021 0.47561 0.610209 0.142857 0.736364 0.360465 0.258065 2
0.259615 0.392157 0.012048 0.004601 0.10089 0.10453 0.208817 0.099286 0.381818 0.290698 0.290323 2
0.25 0.284314 0.072289 0.081288 0.139466 0.013937 0.190255 0.159051 0.309091 0.27907 0.064516 2
0.25 0.235294 0.156627 0.111963 0.121662 0.1777 0.396752 0.15481 0.381818 0.325581 0.258065 3
0.355769 0.088235 0.204819 0.01227 0.077151 0.038328 0.215777 0.090418 0.3 0.604651 0.483871 3
0.259615 0.166667 0.271084 0.110429 0.115727 0.174216 0.415313 0.166763 0.436364 0.360465 0.177419 3
0.346154 0.205882 0.289157 0.187117 0.083086 0.207317 0.401392 0.21149 0.272727 0.139535 0.129032 3
0.269231 0.156863 0.162651 0.233129 0.077151 0.15331 0.415313 0.213803 0.472727 0.337209 0.193548 3
0.25 0.22549 0.186747 0.18865 0.106825 0.184669 0.352668 0.160979 0.272727 0.430232 0.354839 3
0.25 0.22549 0.156627 0.193252 0.109792 0.191638 0.454756 0.200308 0.409091 0.22093 0.258065 3
0.394231 0.22549 0.13253 0.194785 0.115727 0.15331 0.470998 0.237324 0.681818 0.430232 0.322581 3
0.221154 0.372549 0.192771 0.08589 0.130564 0.027875 0.197216 0.159243 0.572727 0.290698 0.33871 3
0.269231 0.460784 0.006024 0.032209 0.074184 0.188153 0.262181 0.067283 0.390909 0.093023 0.629032 3
0.336538 0.186275 0.23494 0.093558 0.163205 0.090592 0.415313 0.167534 0.518182 0.093023 0.274194 3
0.298077 0.098039 0.228916 0.090491 0.089021 0.062718 0.234339 0.138616 0.345454 0.232558 0.403226 3
0.298077 0.176471 0.198795 0.184049 0.124629 0.198606 0.38051 0.209948 0.609091 0.186046 0.306452 3
0.355769 0.235294 0.222892 0.009202 0.115727 0.069686 0.406032 0.128976 0.336364 0.244186 0.209677 3
0.298077 0.313726 0.253012 0.08589 0.169139 0.135889 0.387471 0.162136 0.363636 0.372093 0.225806 3
0.346154 0.127451 0.180723 0.111963 0.089021 0.041812 0.2529 0.136687 0.218182 0.139535 0.387097 3
0.307692 0.166667 0.174699 0.223926 0.11276 0.132404 0.37587 0.213803 0.454545 0.267442 0.209677 3
0.509615 0.196078 0.295181 0.021472 0.148368 0.027875 0.238979 0.167534 0.390909 0.27907 0.33871 3
0.365385 0.294118 0.120482 0.042945 0.109792 0.02439 0.24826 0.140544 0.390909 0.22093 0.225806 3
0.288462 0.284314 0.283133 0.162577 0.183976 0.146341 0.294664 0.186813 0.236364 0.767442 0.193548 3
0.326923 0.078431 0.156627 0.099693 0.133531 0.135889 0.49884 0.182957 0.6 0.383721 0.33871 3
0.346154 0.245098 0.26506 0.107362 0.121662 0.132404 0.5058 0.18662 0.363636 0.348837 0.16129 3
0.336538 0.421569 0.156627 0.041411 0.240356 0.017422 0.292343 0.140544 0.263636 0.348837 0.129032 3
0.259615 0.196078 0.168675 0.303681 0.094955 0.132404 0.313225 0.252362 0.381818 0.186046 0.112903 3
0.288462 0.186275 0.13253 0.263804 0.074184 0.04878 0.24826 0.227299 0.318182 0.360465 0.193548 3
0.134615 0.509804 0.042169 0.09816 0.103858 0.108014 0.320186 0.140544 0.554545 0.418605 0.274194 3
0.230769 0.27451 0.156627 0.193252 0.124629 0.181185 0.445476 0.202236 0.481818 0.27907 0.16129 3
0.288462 0.196078 0.240964 0.328221 0.115727 0.160279 0.366589 0.267785 0.190909 0.325581 0.112903 3
0.317308 0.196078 0.114458 0.110429 0.091988 0.160279 0.406032 0.167341 0.4 0.325581 0.225806 3
0.240385 0.303922 0.210843 0.081288 0.091988 0.280488 0.582367 0.134759 0.363636 0.511628 0.33871 3
0.307692 0.098039 0.222892 0.013804 0.10089 0.04878 0.220418 0.097359 0.418182 0.325581 0.451613 3
0.269231 0.22549 0.295181 0.108896 0.121662 0.174216 0.489559 0.179101 0.363636 0.267442 0.129032 3
0.480769 0.254902 0.198795 0.139571 0.080119 0.15331 0.37819 0.182957 0.327273 0.209302 0.354839 3
0.269231 0.196078 0.253012 0.116564 0.103858 0.202091 0.433875 0.164064 0.381818 0.302326 0.225806 3
0.461539 0.147059 0.150602 0.16411 0.065282 0.038328 0.201856 0.180065 0.354545 0.209302 0.451613 3
0.336538 0.196078 0.210843 0.015337 0.133531 0.101045 0.322506 0.090032 0.418182 0.290698 0.435484 3
0.269231 0.294118 0.216867 0.131902 0.154303 0.139373 0.475638 0.202236 0.536364 0.395349 0.225806 3
0.326923 0.22549 0.144578 0.01227 0.142433 0.052265 0.25058 0.109697 0.4 0.151163 0.403226 3
0.221154 0.117647 0.150602 0.009202 0.086053 0.111498 0.276102 0.096202 0.472727 0.255814 0.33871 3
0.326923 0.186275 0.277108 0.278374 0.127596 0.149826 0.570766 0.248506 0.290909 0.348837 0.145161 3
0.240385 0.303922 0.210843 0.081288 0.091988 0.280488 0.582367 0.134759 0.363636 0.511628 0.33871 3
0.307692 0.254902 0.23494 0.096626 0.169139 0.142857 0.354988 0.163871 0.354545 0.360465 0.241935 3
0.230769 0.352941 0.108434 0.108896 0.25816 0.090592 0.466357 0.204357 0.763636 0.581395 0.193548 3
0.230769 0.196078 0.259036 0.190184 0.089021 0.216028 0.519722 0.199344 0.327273 0.186046 0.145161 3
0.442308 0.196078 0.240964 0.127301 0.115727 0.108014 0.317865 0.22537 0.618182 0.27907 0.209677 3
0.317308 0.156863 0.246988 0.263804 0.109792 0.12892 0.315545 0.24465 0.545455 0.197674 0.112903 3
0.326923 0.117647 0.13253 0.015337 0.103858 0.052265 0.213457 0.14652 0.590909 0.360465 0.322581 3
0.432692 0.333333 0.373494 0.286043 0.091988 0.135889 0.37819 0.252362 0.236364 0.523256 0.274194 3
0.278846 0.156863 0.198795 0.179448 0.109792 0.101045 0.315545 0.215732 0.581818 0.209302 0.241935 3
0.269231 0.313726 0.277108 0.08589 0.139466 0.139373 0.538283 0.186813 0.709091 0.44186 0.306452 3
0.221154 0.166667 0.144578 0.17638 0.109792 0.170732 0.37819 0.209948 0.572727 0.267442 0.241935 3
0.432692 0.186275 0.204819 0.147239 0.115727 0.167247 0.2529 0.193754 0.418182 0.337209 0.370968 3
0.576923 0.078431 0.277108 0.018405 0.109792 0.073171 0.280742 0.168883 0.290909 0.523256 0.258065 3
0.230769 0.352941 0.108434 0.108896 0.25816 0.090592 0.466357 0.204357 0.763636 0.581395 0.193548 3
0.288462 0.245098 0.26506 0.09816 0.121662 0.094077 0.338747 0.161751 0.381818 0.232558 0.241935 3
0.173077 0.039216 0.156627 0.056748 0.086053 0.055749 0.204176 0.147676 0.581818 0.27907 0.193548 3
0.336538 0.235294 0.150602 0.101227 0.139466 0.156794 0.396752 0.173318 0.327273 0.290698 0.129032 3
0.355769 0.147059 0.409639 0.159509 0.11276 0.121951 0.287703 0.206092 0.245455 0.186046 0.129032 3
0.346154 0.117647 0.210843 0.084356 0.047478 0.027875 0.071926 0.102756 0.063636 0.348837 0.467742 3
0.096154 0.245098 0 0.090491 0.05638 0.111498 0.357309 0.127049 0.572727 0.453488 0.306452 3
0.259615 0.27451 0.096386 0.010736 0.133531 0.031359 0.227378 0.132446 0.427273 0.197674 0.080645 3
0.442308 0.22549 0.186747 0.005368 0.035608 0.174216 0.322506 0.063042 0.190909 0.116279 0.564516 3
0.298077 0.323529 0.198795 0.145706 0.10089 0.090592 0.331787 0.186813 0.436364 0.348837 0.225806 3
0.25 0.166667 0.246988 0.122699 0.097923 0.191638 0.38051 0.181029 0.254545 0.255814 0.177419 3
0.346154 0.245098 0.156627 0.230061 0.118694 0.226481 0.466357 0.230576 0.309091 0.534884 0.241935 3
0.403846 0.166667 0.078313 0.254601 0.080119 0.163763 0.487239 0.240794 0.218182 0.27907 0.274194 3
0.442308 0.098039 0.253012 0.069018 0.080119 0.017422 0.157773 0.130904 0.4 0.348837 0.596774 3
0.394231 0.421569 0.216867 0.08589 0.124629 0.097561 0.38051 0.217659 0.336364 0.360465 0.274194 3
0.230769 0.245098 0.084337 0.064417 0.127596 0.087108 0.276102 0.147291 0.445455 0.302326 0.225806 3
0.432692 0.137255 0.228916 0.217791 0.133531 0.10453 0.271462 0.252362 0.454545 0.325581 0.274194 3
0.278846 0.323529 0.006024 0.033742 0.115727 0.12892 0.296984 0.136687 0.472727 0.151163 0.241935 3
0.307692 0.166667 0.174699 0.223926 0.11276 0.132404 0.37587 0.213803 0.454545 0.267442 0.209677 3
0.355769 0.186275 0.216867 0.09816 0.080119 0.149826 0.359629 0.130904 0.281818 0.127907 0.483871 3
0.259615 0.235294 0.072289 0.167178 0.071217 0.114983 0.361949 0.19838 0.454545 0.116279 0.16129 3
0.288462 0.264706 0.319277 0.145706 0.130564 0.121951 0.329466 0.177173 0.318182 0.209302 0.225806 3
0.278846 0.254902 0.186747 0.242331 0.124629 0.062718 0.317865 0.216503 0.309091 0.372093 0.177419 3
0.230769 0.352941 0.108434 0.108896 0.25816 0.090592 0.466357 0.204357 0.763636 0.581395 0.193548 3
0.307692 0.441176 0.012048 0.006135 0.080119 0.12892 0.227378 0.113552 0.436364 0.116279 0.16129 3
0.278846 0.264706 0.289157 0.125767 0.139466 0.114983 0.366589 0.176788 0.290909 0.290698 0.225806 3
0.317308 0.235294 0.240964 0.013804 0.074184 0.038328 0.174014 0.140544 0.636364 0.44186 0.387097 3
0.288462 0.352941 0.120482 0.236196 0.166172 0.205575 0.410673 0.226141 0.372727 0.267442 0.096774 3
0.625 0.166667 0.289157 0.02454 0.097923 0.090592 0.359629 0.209948 0.427273 0.430232 0.274194 3
0.336538 0.215686 0.445783 0.197853 0.089021 0.15331 0.361949 0.213803 0.272727 0.209302 0.112903 3
0.307692 0.156863 0.307229 0.159509 0.059347 0.184669 0.5058 0.181029 0.281818 0.453488 0.241935 3
0.230769 0.166667 0.325301 0.09816 0.109792 0.195122 0.387471 0.143242 0.427273 0.55814 0.387097 3
0.221154 0.372549 0.192771 0.08589 0.130564 0.027875 0.197216 0.159243 0.572727 0.290698 0.33871 3
0.25 0.235294 0.156627 0.111963 0.121662 0.1777 0.396752 0.15481 0.381818 0.325581 0.258065 3
0.336538 0.235294 0.150602 0.101227 0.139466 0.156794 0.396752 0.173318 0.327273 0.290698 0.129032 3
0.230769 0.245098 0.114458 0.076687 0.097923 0.069686 0.310905 0.137651 0.390909 0.476744 0.306452 3
0.326923 0.058824 0.210843 0.009202 0.080119 0.045296 0.148492 0.128976 0.672727 0.197674 0.306452 3
0.288462 0.176471 0.174699 0.250767 0.139466 0.160279 0.394432 0.24465 0.663636 0.209302 0.258065 3
0.269231 0.235294 0.283133 0.230061 0.160237 0.087108 0.38051 0.223828 0.418182 0.395349 0.16129 3
0.326923 0.078431 0.156627 0.099693 0.133531 0.135889 0.49884 0.182957 0.6 0.383721 0.33871 3
0.355769 0.127451 0.409639 0.157975 0.106825 0.125436 0.287703 0.206092 0.254545 0.162791 0.112903 3
0.317308 0.186275 0.186747 0.269939 0.109792 0.184669 0.563805 0.248506 0.318182 0.395349 0.112903 3
0.278846 0.181373 0.13253 0.122699 0.115727 0.181185 0.438515 0.161751 0.481818 0.22093 0.354839 3
0.25 0.127451 0.204819 0.236963 0.091988 0.188153 0.308585 0.186427 0.354545 0.186046 0.419355 3
0.288462 0.235294 0.108434 0.105828 0.094955 0.240418 0.49652 0.169461 0.381818 0.22093 0.145161 3
0.201923 0.166667 0.114458 0.180982 0.11276 0.167247 0.354988 0.196453 0.572727 0.186046 0.241935 3
0.394231 0.127451 0.23494 0.021472 0.142433 0.066202 0.299304 0.089647 0.3 0.348837 0.467742 3
0.278846 0.176471 0.295181 0.115031 0.127596 0.160279 0.436195 0.163293 0.427273 0.302326 0.241935 3
0.115385 0.156863 0.114458 0.067485 0.10089 0.052265 0.213457 0.140158 0.863636 0.406977 0.322581 3
0.269231 0.196078 0.180723 0.110429 0.118694 0.191638 0.447796 0.167534 0.472727 0.197674 0.241935 3
0.365385 0.107843 0.246988 0.007669 0.091988 0.125436 0.310905 0.069211 0.181818 0.232558 0.548387 3
0.346154 0.137255 0.198795 0.021472 0.106825 0.101045 0.213457 0.11548 0.636364 0.383721 0.548387 3
0.201923 0.284314 0.084337 0.087423 0.080119 0.111498 0.408353 0.140544 0.409091 0.476744 0.290323 3
0.230769 0.156863 0.13253 0.111963 0.130564 0.149826 0.324826 0.160787 0.463636 0.348837 0.209677 3
0.326923 0.156863 0.162651 0.165644 0.074184 0.132404 0.382831 0.204743 0.436364 0.255814 0.16129 3
0.355769 0.186275 0.186747 0.26227 0.124629 0.108014 0.38051 0.229227 0.336364 0.488372 0.354839 3
0.346154 0.264706 0.186747 0.266104 0.15727 0.139373 0.412993 0.252362 0.5 0.488372 0.177419 3
0.365385 0.264706 0.283133 0.194785 0.083086 0.139373 0.24826 0.21419 0.290909 0.325581 0.193548 3
0.307692 0.058824 0.168675 0.010736 0.050445 0.027875 0.109049 0.123578 0.672727 0.267442 0.306452 3
0.423077 0.22549 0.259036 0.09816 0.11276 0.055749 0.180974 0.176788 0.463636 0.488372 0.419355 3
0.355769 0.147059 0.409639 0.159509 0.11276 0.121951 0.287703 0.206092 0.245455 0.186046 0.129032 3
0.403846 0.156863 0.289157 0.095092 0.11276 0.038328 0.290023 0.174474 0.463636 0.55814 0.322581 3
0.307692 0.215686 0.168675 0.02454 0.097923 0.066202 0.389791 0.087719 0.436364 0.406977 0.548387 3
0.221154 0.254902 0.126506 0.067485 0.097923 0.052265 0.287703 0.127627 0.272727 0.360465 0.225806 3
0.288462 0.352941 0.120482 0.236196 0.166172 0.205575 0.410673 0.226141 0.372727 0.267442 0.096774 3
0.25 0.117647 0.168675 0.029141 0.068249 0.076655 0.174014 0.088105 0.536364 0.383721 0.564516 3
0.269231 0.245098 0.144578 0.236963 0.106825 0.101045 0.320186 0.21419 0.327273 0.348837 0.193548 3
0.346154 0.137255 0.198795 0.021472 0.106825 0.101045 0.213457 0.11548 0.636364 0.383721 0.548387 3
0.326923 0.303922 0.373494 0.159509 0.11276 0.222997 0.392111 0.202236 0.4 0.325581 0.112903 3
0.471154 0.22549 0.439759 0.21089 0.103858 0.087108 0.422274 0.251013 0.218182 0.767442 0.112903 3
0.355769 0.088235 0.427711 0.171779 0.086053 0.174216 0.322506 0.21014 0.281818 0.27907 0.145161 3
0.336538 0.22549 0.150602 0.092791 0.068249 0.097561 0.299304 0.102756 0.163636 0.174419 0.5 3
0.490385 0.186275 0.204819 0.154908 0.059347 0.060976 0.364269 0.184692 0.372727 0.302326 0.419355 3
0.471154 0.401961 0.343374 0.263804 0.127596 0.111498 0.542923 0.262001 0.236364 0.697674 0.16129 3
0.403846 0.343137 0.240964 0.180982 0.47181 0.094077 0.419954 0.231155 0.318182 0.488372 0.193548 3
0.403846 0.647059 0.126506 0.052147 0.121662 0.076655 0.287703 0.136302 0.309091 0.186046 0.274194 3
0.538462 0.078431 0.180723 0.01227 0.097923 0.083624 0.387471 0.159823 0.390909 0.27907 0.177419 3
0.269231 0.166667 0.216867 0.115031 0.106825 0.181185 0.396752 0.167534 0.327273 0.232558 0.193548 3
0.384615 0.156863 0.192771 0.177914 0.133531 0.139373 0.299304 0.217659 0.263636 0.372093 0.129032 3
0.221154 0.245098 0.192771 0.110429 0.127596 0.174216 0.403712 0.182379 0.609091 0.5 0.241935 3
0.490385 0.245098 0.192771 0.013804 0.11276 0.031359 0.443155 0.159823 0.427273 0.27907 0.225806 3
0.211538 0.147059 0.090361 0.139571 0.115727 0.344948 0.459397 0.165799 0.3 0.093023 0.177419 3
0.192308 0.235294 0.138554 0.013804 0.071217 0.12892 0.259861 0.030653 0.218182 0.151163 0.645161 3
0.288462 0.137255 0.180723 0.199386 0.136499 0.167247 0.396752 0.217659 0.654546 0.197674 0.290323 3
0.278846 0.333333 0.277108 0.139571 0.133531 0.226481 0.522042 0.219202 0.463636 0.325581 0.16129 3
0.307692 0.078431 0.192771 0.118098 0.106825 0.125436 0.271462 0.167534 0.445455 0.139535 0.193548 3
0.365385 0.088235 0.216867 0.059816 0.097923 0.083624 0.215777 0.138038 0.336364 0.290698 0.241935 3
0.346154 0.245098 0.156627 0.230061 0.118694 0.226481 0.466357 0.230576 0.309091 0.534884 0.241935 3
0.307692 0.156863 0.180723 0.093558 0.089021 0.121951 0.269142 0.139773 0.436364 0.197674 0.306452 3
0.375 0.235294 0.36747 0.171779 0.094955 0.222997 0.415313 0.208791 0.254545 0.372093 0.209677 3
0.25 0.156863 0.174699 0.006135 0.086053 0.055749 0.262181 0.067283 0.527273 0.232558 0.564516 3
0.471154 0.22549 0.439759 0.21089 0.103858 0.087108 0.422274 0.251013 0.218182 0.767442 0.112903 3
0.192308 0.196078 0.39759 0.130368 0.089021 0.083624 0.348028 0.181029 0.854546 0.383721 0.451613 3
0.288462 0.303922 0.210843 0.168712 0.103858 0.191638 0.489559 0.205128 0.318182 0.360465 0.209677 3
0.211538 0.245098 0.156627 0.069018 0.124629 0.04878 0.25522 0.135916 0.390909 0.22093 0.193548 3
0.346154 0.156863 0.174699 0.145706 0.121662 0.066202 0.222738 0.175246 0.372727 0.151163 0.241935 3
0.269231 0.068627 0.204819 0.069018 0.136499 0.111498 0.269142 0.136687 0.581818 0.232558 0.258065 3
0.375 0.235294 0.36747 0.171779 0.094955 0.222997 0.415313 0.208791 0.254545 0.372093 0.209677 3
0.278846 0.313726 0.13253 0.125767 0.127596 0.076655 0.241299 0.166763 0.454545 0.267442 0.225806 3
0.230769 0.156863 0.13253 0.111963 0.130564 0.149826 0.324826 0.160787 0.463636 0.348837 0.209677 3
0.317308 0.117647 0.186747 0.095859 0.130564 0.10453 0.468677 0.168883 0.536364 0.430232 0.387097 4
0.413462 0.107843 0.240964 0.004601 0.083086 0.247387 0.396752 0.105842 0.309091 0.139535 0.322581 4
0.182692 0.235294 0.301205 0.030675 0.118694 0.052265 0.338747 0.107769 0.454545 0.488372 0.322581 4
0.25 0.078431 0.168675 0.02454 0.097923 0.108014 0.194896 0.082706 0.536364 0.244186 0.5 4
0.211538 0.196078 0.144578 0.263804 0.11276 0.139373 0.236659 0.228456 0.345454 0.267442 0.145161 4
0.192308 0.186275 0.156627 0.044479 0.183976 0.083624 0.139211 0.054559 0.345454 0.186046 0.564516 4
0.278846 0.147059 0.150602 0.015337 0.080119 0.090592 0.310905 0.105071 0.527273 0.372093 0.370968 4
0.307692 0.235294 0.210843 0.013804 0.089021 0.076655 0.269142 0.090418 0.409091 0.488372 0.677419 4
0.230769 0.186275 0.259036 0.110429 0.139466 0.160279 0.545244 0.163678 0.345454 0.337209 0.16129 4
0.240385 0.127451 0.198795 0.203988 0.109792 0.229965 0.394432 0.192596 0.581818 0.325581 0.387097 4
0.182692 0.313726 0.210843 0.069018 0.050445 0.052265 0.241299 0.065741 0.418182 0.523256 0.709677 4
0.221154 0.196078 0.180723 0.109663 0.065282 0.108014 0.301624 0.112781 0.454545 0.27907 0.483871 4
0.259615 0.245098 0.192771 0.006135 0.094955 0.12892 0.257541 0.056487 0.309091 0.174419 0.677419 4
0.144231 0.27451 0.162651 0.087423 0.05638 0.132404 0.285383 0.091574 0.590909 0.209302 0.580645 4
0.134615 0.078431 0.204819 0.003067 0.059347 0.083624 0.157773 0.085599 0.481818 0.337209 0.33871 4
0.346154 0.196078 0.180723 0.072086 0.133531 0.146341 0.352668 0.134759 0.363636 0.302326 0.370968 4
0.240385 0.147059 0.301205 0.150307 0.10089 0.205575 0.285383 0.160207 0.127273 0.27907 0.177419 4
0.461539 0.284314 0.421687 0.177147 0.089021 0.066202 0.345708 0.215732 0.254545 0.593023 0.209677 4
0.278846 0.127451 0.204819 0.01227 0.118694 0.118467 0.238979 0.07326 0.272727 0.325581 0.483871 4
0.307692 0.176471 0.204819 0.157975 0.086053 0.080139 0.174014 0.139001 0.354545 0.139535 0.467742 4
0.230769 0.196078 0.162651 0.148773 0.062315 0.083624 0.229698 0.130518 0.436364 0.162791 0.435484 4
0.25 0.176471 0.180723 0.02454 0.047478 0.108014 0.290023 0.094273 0.445455 0.290698 0.419355 4
0.230769 0.264706 0.120482 0.268405 0.178042 0.108014 0.345708 0.230769 0.390909 0.325581 0.129032 4
0.182692 0.098039 0.156627 0.02454 0.041543 0.066202 0.199536 0.042221 0.318182 0.372093 0.693548 4
0.307692 0.196078 0.198795 0.214724 0.10089 0.156794 0.36891 0.236939 0.563636 0.523256 0.129032 4
0.240385 0.176471 0.144578 0.101227 0.089021 0.125436 0.37819 0.167534 0.7 0.488372 0.274194 4
0.288462 0.107843 0.427711 0.259202 0.097923 0.066202 0.243619 0.206863 0.118182 0.325581 0.241935 4
0.278846 0.186275 0.072289 0.010736 0.094955 0.209059 0.299304 0.096202 0.445455 0.232558 0.322581 4
0.278846 0.117647 0.253012 0.205521 0.086053 0.28223 0.350348 0.223443 0.4 0.325581 0.225806 4
0.182692 0.323529 0.126506 0.019939 0.115727 0.097561 0.238979 0.08232 0.518182 0.383721 0.516129 4
0.288462 0.147059 0.289157 0.013804 0.080119 0.114983 0.361949 0.086948 0.418182 0.267442 0.532258 4
0.25 0.137255 0.204819 0.01227 0.041543 0.188153 0.24594 0.047618 0.418182 0.55814 0.596774 4
0.259615 0.176471 0.162651 0.18865 0.103858 0.233449 0.477958 0.184885 0.409091 0.244186 0.322581 4
0.211538 0.137255 0.168675 0.007669 0.074184 0.156794 0.187935 0.029111 0.454545 0.186046 0.741936 4
0.423077 0.186275 0.23494 0.110429 0.089021 0.163763 0.461717 0.202236 0.536364 0.337209 0.241935 4
0.211538 0.22549 0.228916 0.064417 0.091988 0.135889 0.213457 0.049546 0.472727 0.395349 0.822581 4
0.394231 0.352941 0.156627 0.059049 0.071217 0.073171 0.211137 0.078272 0.409091 0.348837 0.758065 4
0.346154 0.107843 0.186747 0.21319 0.106825 0.12892 0.426914 0.221515 0.345454 0.325581 0.193548 4
0.259615 0.215686 0.168675 0.166411 0.094955 0.094077 0.232019 0.136302 0.236364 0.093023 0.467742 4
0.365385 0.254902 0.23494 0.107362 0.091988 0.149826 0.477958 0.181029 0.354545 0.360465 0.193548 4
0.394231 0.058824 0.168675 0.018405 0.094955 0.146341 0.392111 0.159823 0.663636 0.244186 0.193548 4
0.192308 0.04902 0.13253 0.185583 0.145401 0.076655 0.403712 0.163678 0.545455 0.232558 0.596774 4
0.259615 0.107843 0.162651 0.065951 0.083086 0.038328 0.213457 0.086562 0.409091 0.22093 0.612903 4
0.221154 0.088235 0.162651 0.013804 0.139466 0.149826 0.292343 0.101985 0.436364 0.244186 0.354839 4
0.201923 0.127451 0.138554 0.111963 0.071217 0.069686 0.280742 0.140544 0.6 0.430232 0.467742 4
0.346154 0.117647 0.174699 0.016871 0.11276 0.04878 0.211137 0.102563 0.509091 0.267442 0.419355 4
0.307692 0.127451 0.204819 0.121166 0.071217 0.101045 0.566125 0.157894 0.454545 0.395349 0.403226 4
0.221154 0.196078 0.096386 0.010736 0.151335 0.118467 0.271462 0.12377 0.372727 0.27907 0.112903 4
0.221154 0.27451 0.198795 0.007669 0.121662 0.076655 0.37123 0.107769 0.390909 0.651163 0.241935 4
0.336538 0.137255 0.222892 0.210123 0.160237 0.160279 0.422274 0.206092 0.154546 0.186046 0.16129 4
0.317308 0.009804 0.180723 0.08589 0.068249 0.076655 0.290023 0.113552 0.245455 0.197674 0.467742 4
0.240385 0.058824 0.23494 0.009202 0.103858 0.083624 0.24826 0.094273 0.490909 0.360465 0.370968 4
0.307692 0.205882 0.295181 0.04908 0.11276 0.121951 0.294664 0.128976 0.209091 0.209302 0.225806 4
0.298077 0.147059 0.240964 0.105828 0.091988 0.167247 0.329466 0.107769 0.354545 0.05814 0.548387 4
0.269231 0.264706 0.174699 0.211656 0.103858 0.181185 0.389791 0.231155 0.409091 0.418605 0.145161 4
0.259615 0.127451 0.210843 0.078221 0.10089 0.156794 0.436195 0.13129 0.472727 0.325581 0.33871 4
0.288462 0.313726 0.174699 0.033742 0.103858 0.087108 0.204176 0.063428 0.363636 0.232558 0.516129 4
0.432692 0.117647 0.295181 0.016871 0.086053 0.125436 0.366589 0.130904 0.3 0.174419 0.33871 4
0.288462 0.284314 0.403614 0.013804 0.492582 0.04878 0.206497 0.102756 0.309091 0.395349 0.370968 4
0.269231 0.176471 0.150602 0.168712 0.106825 0.149826 0.392111 0.188933 0.554545 0.244186 0.290323 4
0.355769 0.205882 0.403614 0.115031 0.083086 0.1777 0.364269 0.182957 0.163636 0.22093 0.145161 4
0.259615 0.137255 0.204819 0.174847 0.130564 0.184669 0.389791 0.215732 0.727273 0.255814 0.306452 4
0.346154 0.166667 0.216867 0.193252 0.172107 0.1777 0.392111 0.202236 0.263636 0.302326 0.16129 4
0.307692 0.078431 0.180723 0.030675 0.10089 0.111498 0.187935 0.064777 0.145455 0.290698 0.516129 4
0.288462 0.107843 0.427711 0.259202 0.097923 0.066202 0.243619 0.206863 0.118182 0.325581 0.241935 4
0.288462 0.245098 0.168675 0.009202 0.068249 0.125436 0.283063 0.034509 0.427273 0.22093 0.806452 4
0.259615 0.088235 0.325301 0.121166 0.216617 0.216028 0.357309 0.169461 0.154546 0.197674 0.129032 4
0.346154 0.107843 0.186747 0.21319 0.106825 0.12892 0.426914 0.221515 0.345454 0.325581 0.193548 4
0.326923 0.078431 0.192771 0.003067 0.091988 0.167247 0.259861 0.09813 0.5 0.127907 0.322581 4
0.240385 0.578431 0.289157 0.184049 0.127596 0.191638 0.4942 0.20802 0.409091 0.348837 0.209677 4
0.269231 0.186275 0.180723 0.019939 0.047478 0.041812 0.334107 0.109697 0.518182 0.465116 0.403226 4
0.346154 0.166667 0.216867 0.022239 0.121662 0.101045 0.211137 0.094273 0.427273 0.255814 0.451613 4
0.278846 0.068627 0.192771 0.111963 0.074184 0.052265 0.167053 0.154424 0.518182 0.104651 0.322581 4
0.336538 0.176471 0.319277 0.185583 0.11276 0.203833 0.360789 0.217659 0.309091 0.267442 0.177419 4
0.288462 0.313726 0.174699 0.033742 0.103858 0.087108 0.204176 0.063428 0.363636 0.232558 0.516129 4
0.346154 0.107843 0.186747 0.21319 0.106825 0.12892 0.426914 0.221515 0.345454 0.325581 0.193548 4
0.336538 0.215686 0.13253 0.088957 0.139466 0.146341 0.36891 0.146327 0.372727 0.151163 0.33871 4
0.288462 0.107843 0.427711 0.259202 0.097923 0.066202 0.243619 0.206863 0.118182 0.325581 0.241935 4
0.278846 0.284314 0.150602 0.029141 0.05638 0.076655 0.174014 0.073067 0.381818 0.162791 0.596774 4
0.355769 0.196078 0.23494 0.147239 0.106825 0.198606 0.464037 0.194525 0.4 0.476744 0.258065 4
0.307692 0.196078 0.198795 0.214724 0.10089 0.156794 0.36891 0.236939 0.563636 0.523256 0.129032 4
0.240385 0.245098 0.253012 0.254601 0.083086 0.191638 0.37355 0.226141 0.490909 0.406977 0.225806 4
0.25 0.196078 0.337349 0.016871 0.436202 0.163763 0.225058 0.123963 0.345454 0.174419 0.193548 4
0.192308 0.490196 0 0.013804 0.032641 0.108014 0.201856 0.039908 0.518182 0.186046 0.709677 4
0.298077 0.166667 0.210843 0.010736 0.089021 0.094077 0.422274 0.071139 0.372727 0.348837 0.483871 4
0.230769 0.176471 0.222892 0.099693 0.11276 0.181185 0.445476 0.156545 0.427273 0.302326 0.241935 4
0.221154 0.196078 0.13253 0.018405 0.074184 0.10453 0.24826 0.05186 0.581818 0.255814 0.741936 4
0.298077 0.058824 0.228916 0.006135 0.094955 0.069686 0.167053 0.064006 0.281818 0.372093 0.548387 4
0.288462 0.362745 0.168675 0.390337 0.065282 0.087108 0.262181 0.305378 0.309091 0.232558 0.419355 4
0.230769 0.107843 0.174699 0.056748 0.106825 0.108014 0.271462 0.182572 0.418182 0.232558 0.209677 4
0.211538 0.323529 0.03012 0.013804 0.160237 0.052265 0.257541 0.117409 0.445455 0.395349 0.193548 4
0.298077 0.107843 0.168675 0.03681 0.133531 0.108014 0.208817 0.101985 0.4 0.209302 0.451613 4
0.384615 0.117647 0.168675 0.147239 0.133531 0.264808 0.410673 0.190668 0.381818 0.27907 0.322581 4
0.298077 0.107843 0.295181 0.092025 0.080119 0.163763 0.37819 0.117409 0.436364 0.05814 0.564516 4
0.269231 0.147059 0.120482 0.165644 0.103858 0.149826 0.283063 0.172161 0.218182 0.337209 0.274194 4
0.288462 0.147059 0.289157 0.013804 0.080119 0.114983 0.361949 0.086948 0.418182 0.267442 0.532258 4
0.240385 0.196078 0.174699 0.095092 0.124629 0.132404 0.310905 0.12782 0.645455 0.430232 0.483871 4
0.288462 0.088235 0.204819 0.021472 0.091988 0.125436 0.236659 0.055716 0.472727 0.267442 0.790323 4
0.394231 0.088235 0.192771 0.015337 0.130564 0.156794 0.327146 0.148254 0.518182 0.627907 0.258065 4
0.298077 0.22549 0.192771 0.009202 0.04451 0.062718 0.364269 0.095816 0.3 0.372093 0.290323 4
0.307692 0.107843 0.198795 0.087423 0.068249 0.139373 0.273782 0.090803 0.536364 0.186046 0.677419 4
0.278846 0.294118 0.156627 0.13727 0.080119 0.114983 0.190255 0.092346 0.236364 0.174419 0.709677 4
0.432692 0.068627 0.23494 0.010736 0.136499 0.10453 0.317865 0.113552 0.327273 0.197674 0.403226 4
0.25 0.264706 0.168675 0.184049 0.089021 0.059233 0.266821 0.159629 0.436364 0.244186 0.419355 4
0.240385 0.117647 0.114458 0.179448 0.115727 0.181185 0.315545 0.1845 0.4 0.232558 0.209677 4
0.259615 0.205882 0.313253 0.111963 0.118694 0.114983 0.424594 0.161943 0.4 0.337209 0.241935 4
0.355769 0.058824 0.445783 0.015337 0.077151 0.066202 0.271462 0.119337 0.490909 0.267442 0.354839 4
0.394231 0.171569 0.156627 0.021472 0.050445 0.132404 0.419954 0.117409 0.290909 0.197674 0.516129 4
0.307692 0.156863 0.204819 0.01227 0.065282 0.087108 0.227378 0.055716 0.309091 0.197674 0.629032 4
0.346154 0.264706 0.120482 0.203988 0.133531 0.212544 0.510441 0.226914 0.354545 0.325581 0.145161 4
0.182692 0.22549 0.174699 0.102761 0.121662 0.108014 0.310905 0.119722 0.536364 0.325581 0.494624 4
0.336538 0.235294 0.204819 0.092025 0.068249 0.076655 0.238979 0.153075 0.454545 0.27907 0.290323 4
0.201923 0.196078 0.084337 0.122699 0.068249 0.097561 0.308585 0.160207 0.509091 0.255814 0.241935 4
0.346154 0.117647 0.222892 0.250767 0.115727 0.142857 0.419954 0.238866 0.281818 0.232558 0.193548 4
0.211538 0.176471 0.156627 0.02454 0.077151 0.027875 0.146172 0.045402 0.354545 0.302326 0.669355 4
0.221154 0.186275 0.168675 0.141104 0.097923 0.205575 0.269142 0.15828 0.381818 0.232558 0.354839 4
0.298077 0.196078 0.246988 0.016871 0.121662 0.027875 0.294664 0.113552 0.4 0.569767 0.548387 4
0.355769 0.205882 0.403614 0.115031 0.083086 0.1777 0.364269 0.182957 0.163636 0.22093 0.145161 4
0.278846 0.078431 0.192771 0.182515 0.077151 0.055749 0.341067 0.184114 0.145455 0.162791 0.16129 4
0.240385 0.205882 0.240964 0.090491 0.089021 0.142857 0.366589 0.157894 0.390909 0.255814 0.209677 4
0.288462 0.107843 0.427711 0.259202 0.097923 0.066202 0.243619 0.206863 0.118182 0.325581 0.241935 4
0.346154 0.215686 0.180723 0.070552 0.130564 0.149826 0.357309 0.134759 0.363636 0.267442 0.370968 4
0.307692 0.186275 0.445783 0.010736 0.486647 0.111498 0.259861 0.120108 0.290909 0.27907 0.193548 4
0.192308 0.196078 0.180723 0.050613 0.050445 0.118467 0.222738 0.048582 0.490909 0.418605 0.766129 4
0.567308 0.156863 0.295181 0.065951 0.068249 0.003484 0.020882 0.126662 0.118182 0.372093 0.322581 4
0.144231 0.117647 0.186747 0.046012 0.080119 0.069686 0.190255 0.109312 0.627273 0.325581 0.290323 4
0.307692 0.127451 0.204819 0.121166 0.071217 0.101045 0.566125 0.157894 0.454545 0.395349 0.403226 4
0.442308 0.27451 0.216867 0.161043 0.068249 0.066202 0.285383 0.11606 0.209091 0.197674 0.806452 4
0.307692 0.27451 0.210843 0.029141 0.115727 0.226481 0.352668 0.083864 0.3 0.395349 0.5 4
0.519231 0.254902 0.325301 0.256135 0.151335 0.15331 0.524362 0.283593 0.327273 0.453488 0.129032 4
0.211538 0.137255 0.168675 0.007669 0.074184 0.156794 0.187935 0.029111 0.454545 0.186046 0.741936 4
0.384615 0.137255 0.156627 0.128834 0.11276 0.125436 0.285383 0.190668 0.481818 0.360465 0.354839 4
0.221154 0.284314 0.277108 0.174847 0.097923 0.205575 0.466357 0.190668 0.409091 0.430232 0.274194 4
0.326923 0.215686 0.156627 0.013804 0.094955 0.15331 0.392111 0.085406 0.427273 0.395349 0.532258 4
0.240385 0.235294 0.10241 0.263037 0.151335 0.170732 0.419954 0.232311 0.372727 0.302326 0.129032 4
0.125 0.22549 0.180723 0.004601 0.083086 0.090592 0.331787 0.094273 0.745455 0.395349 0.33871 4
0.288462 0.088235 0.204819 0.021472 0.091988 0.125436 0.236659 0.055716 0.472727 0.267442 0.790323 4
0.25 0.215686 0.162651 0.058282 0.136499 0.052265 0.292343 0.103913 0.463636 0.255814 0.677419 4
0.307692 0.078431 0.156627 0.095859 0.11276 0.097561 0.489559 0.175631 0.6 0.418605 0.33871 4
0.173077 0.254902 0.180723 0.096626 0.086053 0.073171 0.185615 0.106998 0.481818 0.313953 0.5 4
0.259615 0.186275 0.114458 0.092025 0.106825 0.334495 0.385151 0.125891 0.4 0.139535 0.33871 4
0.230769 0.215686 0.126506 0.007669 0.068249 0.101045 0.236659 0.034509 0.227273 0.232558 0.677419 4
0.384615 0.235294 0.198795 0.150307 0.065282 0.156794 0.429234 0.189126 0.318182 0.418605 0.258065 4
0.240385 0.137255 0.343374 0.01227 0.590504 0.041812 0.201856 0.117409 0.4 0.244186 0.322581 4
0.278846 0.323529 0.162651 0.030675 0.071217 0.080139 0.176334 0.072295 0.3 0.139535 0.596774 4
0.346154 0.166667 0.222892 0.030675 0.121662 0.076655 0.285383 0.08232 0.290909 0.360465 0.516129 4
0.365385 0.147059 0.174699 0.122699 0.130564 0.219512 0.317865 0.177173 0.354545 0.116279 0.290323 4
0.346154 0.156863 0.253012 0.205521 0.169139 0.160279 0.438515 0.20802 0.154546 0.232558 0.145161 4
0.326923 0.303922 0.325301 0.01227 0.439169 0.111498 0.285383 0.142279 0.354545 0.360465 0.16129 4
0.298077 0.186275 0.246988 0.016871 0.11276 0.013937 0.290023 0.111625 0.390909 0.546512 0.548387 4
0.355769 0.235294 0.295181 0.016871 0.065282 0.146341 0.232019 0.067283 0.318182 0.27907 0.725806 4
0.201923 0.176471 0.126506 0.182515 0.074184 0.118467 0.331787 0.194525 0.509091 0.244186 0.241935 4
0.317308 0.215686 0.216867 0.095092 0.136499 0.148084 0.522042 0.194525 0.7 0.488372 0.354839 4
0.278846 0.186275 0.156627 0.026074 0.10089 0.205575 0.399072 0.131675 0.663636 0.476744 0.419355 4
0.336538 0.098039 0.186747 0.256135 0.136499 0.10453 0.436195 0.252362 0.372727 0.27907 0.16129 4
0.192308 0.205882 0.162651 0.015337 0.15727 0.052265 0.303944 0.08232 0.463636 0.151163 0.5 4
0.240385 0.196078 0.174699 0.095092 0.124629 0.132404 0.310905 0.12782 0.645455 0.430232 0.483871 4
0.413462 0.107843 0.349398 0.246166 0.118694 0.160279 0.399072 0.260073 0.436364 0.465116 0.177419 4
0.355769 0.333333 0.114458 0.096626 0.094955 0.209059 0.327146 0.153653 0.463636 0.174419 0.322581 4
0.221154 0.254902 0.277108 0.062883 0.059347 0.066202 0.197216 0.074995 0.518182 0.465116 0.693548 4
0.298077 0.127451 0.198795 0.01227 0.139466 0.114983 0.294664 0.128976 0.827273 0.651163 0.370968 4
0.240385 0.156863 0.174699 0.20092 0.077151 0.1777 0.290023 0.165028 0.409091 0.186046 0.419355 4
0.230769 0.269608 0.210843 0.021472 0.109792 0.101045 0.199536 0.021399 0.309091 0.27907 0.903226 4
0.298077 0.176471 0.174699 0.055215 0.10089 0.108014 0.243619 0.059571 0.4 0.104651 0.725806 4
0.25 0.068627 0.186747 0.007669 0.103858 0.080139 0.201856 0.117409 0.745455 0.337209 0.370968 4
0.432692 0.078431 0.289157 0.016871 0.142433 0.101045 0.206497 0.138616 0.390909 0.22093 0.370968 4
0.355769 0.333333 0.120482 0.01227 0.151335 0.045296 0.36891 0.140544 0.309091 0.209302 0.225806 4
0.346154 0.078431 0.180723 0.01227 0.163205 0.111498 0.364269 0.081935 0.354545 0.232558 0.553763 4
0.423077 0.137255 0.180723 0.018405 0.11276 0.156794 0.408353 0.119337 0.372727 0.325581 0.354839 4
0.230769 0.098039 0.228916 0.013804 0.05638 0.118467 0.25058 0.113552 0.681818 0.372093 0.274194 4
0.326923 0.147059 0.228916 0.210123 0.145401 0.184669 0.429234 0.20802 0.336364 0.255814 0.16129 4
0.211538 0.323529 0.03012 0.013804 0.160237 0.052265 0.257541 0.117409 0.445455 0.395349 0.193548 4
0.317308 0.098039 0.156627 0.010736 0.094955 0.062718 0.143852 0.105842 0.290909 0.604651 0.306452 4
0.259615 0.098039 0.289157 0.266871 0.133531 0.188153 0.403712 0.255832 0.236364 0.453488 0.080645 4
0.307692 0.245098 0.46988 0.142638 0.097923 0.066202 0.561485 0.13958 0.263636 0.383721 0.483871 4
0.230769 0.166667 0.289157 0.144172 0.103858 0.264808 0.535963 0.181994 0.481818 0.290698 0.241935 4
0.326923 0.235294 0.240964 0.124233 0.086053 0.149826 0.336427 0.16522 0.436364 0.290698 0.387097 4
0.326923 0.284314 0.240964 0.168712 0.068249 0.111498 0.475638 0.177173 0.345454 0.337209 0.290323 4
0.221154 0.323529 0.120482 0.184049 0.068249 0.181185 0.294664 0.155195 0.172727 0.244186 0.419355 4
0.201923 0.205882 0.192771 0.01227 0.038576 0.052265 0.088167 0.053788 0.572727 0.151163 0.564516 4
0.269231 0.078431 0.204819 0.007669 0.083086 0.135889 0.24594 0.053788 0.263636 0.534884 0.645161 4
0.298077 0.166667 0.210843 0.010736 0.089021 0.094077 0.422274 0.071139 0.372727 0.348837 0.483871 4
0.346154 0.156863 0.253012 0.205521 0.169139 0.160279 0.438515 0.20802 0.154546 0.232558 0.145161 4
0.317308 0.117647 0.186747 0.095859 0.130564 0.10453 0.468677 0.168883 0.536364 0.430232 0.387097 4
0.413462 0.117647 0.168675 0.004601 0.041543 0.163763 0.180974 0.067669 0.181818 0.162791 0.5 4
0.259615 0.176471 0.192771 0.243865 0.106825 0.146341 0.364269 0.248506 0.6 0.27907 0.241935 4
0.259615 0.196078 0.228916 0.110429 0.065282 0.181185 0.480278 0.085406 0.281818 0.232558 0.822581 4
0.211538 0.186275 0.240964 0.016871 0.035608 0.055749 0.169374 0.038364 0.472727 0.848837 0.827957 4
0.346154 0.176471 0.186747 0.107362 0.11276 0.174216 0.389791 0.175246 0.372727 0.267442 0.145161 4
0.269231 0.196078 0.180723 0.18865 0.071217 0.101045 0.389791 0.148062 0.363636 0.197674 0.516129 4
0.240385 0.176471 0.295181 0.013804 0.127596 0.111498 0.290023 0.101985 0.245455 0.453488 0.290323 4
0.288462 0.147059 0.253012 0.104294 0.103858 0.188153 0.417633 0.167534 0.454545 0.302326 0.209677 4
0.442308 0.147059 0.295181 0.110429 0.077151 0.069686 0.199536 0.123192 0.290909 0.139535 0.645161 4
0.346154 0.098039 0.180723 0.150307 0.106825 0.146341 0.382831 0.182957 0.354545 0.406977 0.274194 4
0.269231 0.127451 0.216867 0.003067 0.074184 0.160279 0.241299 0.087526 0.472727 0.534884 0.403226 4
0.278846 0.107843 0.216867 0.007669 0.050445 0.212544 0.310905 0.07885 0.5 0.302326 0.483871 4
0.221154 0.27451 0.198795 0.007669 0.121662 0.076655 0.37123 0.107769 0.390909 0.651163 0.241935 4
0.317308 0.058824 0.198795 0.006135 0.281899 0.062718 0.104408 0.066705 0.427273 0.488372 0.564516 4
0.201923 0.196078 0.204819 0.046012 0.091988 0.167247 0.429234 0.07885 0.536364 0.348837 0.580645 4
0.336538 0.176471 0.295181 0.067485 0.05638 0.10453 0.227378 0.12512 0.472727 0.372093 0.451613 4
0.384615 0.215686 0.174699 0.249233 0.133531 0.073171 0.292343 0.24465 0.4 0.186046 0.16129 4
0.240385 0.088235 0.192771 0.055215 0.091988 0.121951 0.25058 0.090803 0.472727 0.244186 0.532258 4
0.298077 0.313726 0.180723 0.153374 0.071217 0.076655 0.180974 0.106805 0.390909 0.267442 0.774194 4
0.288462 0.147059 0.180723 0.097393 0.103858 0.139373 0.394432 0.144399 0.481818 0.395349 0.419355 4
0.355769 0.098039 0.222892 0.08589 0.121662 0.066202 0.299304 0.160979 0.436364 0.383721 0.403226 4
0.326923 0.107843 0.186747 0.015337 0.15727 0.101045 0.38051 0.08849 0.572727 0.255814 0.596774 4
0.326923 0.166667 0.23494 0.281442 0.086053 0.139373 0.338747 0.246577 0.227273 0.290698 0.16129 4
0.221154 0.068627 0.240964 0.009202 0.062315 0.059233 0.174014 0.04145 0.427273 0.860465 0.806452 4
0.221154 0.137255 0.277108 0.018405 0.448071 0.111498 0.150812 0.024869 0.427273 0.127907 0.870968 4
0.567308 0.156863 0.295181 0.065951 0.068249 0.003484 0.020882 0.126662 0.118182 0.372093 0.322581 4
0.403846 0.117647 0.180723 0.115031 0.083086 0.139373 0.280742 0.128783 0.345454 0.523256 0.612903 4
0.288462 0.147059 0.240964 0.015337 0.11276 0.010453 0.287703 0.113552 0.463636 0.55814 0.548387 4
0.230769 0.127451 0.228916 0.095092 0.080119 0.216028 0.547564 0.154039 0.309091 0.162791 0.209677 4
0.288462 0.068627 0.246988 0.18865 0.103858 0.270035 0.403712 0.198766 0.472727 0.651163 0.354839 4
0.211538 0.205882 0.150602 0.01227 0.071217 0.097561 0.243619 0.016001 0.327273 0.244186 0.83871 4
0.288462 0.107843 0.240964 0.141871 0.136499 0.135889 0.218097 0.15828 0.236364 0.395349 0.403226 4
0.230769 0.078431 0.283133 0.01227 0.059347 0.073171 0.167053 0.055716 0.490909 0.232558 0.677419 4
0.278846 0.147059 0.156627 0.01227 0.151335 0.108014 0.336427 0.121264 0.472727 0.395349 0.241935 4
0.326923 0.166667 0.168675 0.211656 0.136499 0.184669 0.454756 0.221515 0.363636 0.186046 0.16129 5
0.259615 0.27451 0.228916 0.147239 0.05638 0.062718 0.169374 0.10854 0.345454 0.244186 0.66129 5
0.211538 0.294118 0.156627 0.044479 0.077151 0.125436 0.236659 0.031039 0.418182 0.290698 0.903226 5
0.384615 0.068627 0.204819 0.007669 0.077151 0.101045 0.194896 0.074224 0.318182 0.581395 0.532258 5
0.326923 0.088235 0.222892 0.096626 0.148368 0.156794 0.276102 0.117794 0.327273 0.27907 0.483871 5
0.384615 0.215686 0.240964 0.018405 0.05638 0.073171 0.262181 0.082706 0.381818 0.197674 0.467742 5
0.346154 0.147059 0.150602 0.01227 0.118694 0.142857 0.306264 0.121264 0.636364 0.372093 0.354839 5
0.201923 0.137255 0.174699 0.055215 0.083086 0.233449 0.313225 0.096973 0.372727 0.604651 0.451613 5
0.471154 0.147059 0.192771 0.196319 0.103858 0.114983 0.37123 0.243686 0.363636 0.290698 0.129032 5
0.355769 0.107843 0.204819 0.030675 0.083086 0.108014 0.269142 0.100057 0.345454 0.313953 0.5 5
0.423077 0.068627 0.289157 0.032209 0.127596 0.076655 0.419954 0.152111 0.709091 0.267442 0.467742 5
0.269231 0.205882 0.23494 0.094325 0.065282 0.069686 0.206497 0.080778 0.390909 0.674419 0.790323 5
0.211538 0.107843 0.174699 0.007669 0.11276 0.226481 0.331787 0.086562 0.745455 0.430232 0.5 5
0.519231 0.098039 0.295181 0.013804 0.094955 0.12892 0.280742 0.142471 0.290909 0.313953 0.290323 5
0.317308 0.058824 0.240964 0.009202 0.124629 0.184669 0.294664 0.117409 0.527273 0.860465 0.290323 5
0.298077 0.107843 0.198795 0.015337 0.089021 0.087108 0.206497 0.05186 0.336364 0.27907 0.693548 5
0.307692 0.029412 0.192771 0.06135 0.142433 0.198606 0.313225 0.163678 0.754545 0.255814 0.225806 5
0.375 0.352941 0.144578 0.162577 0.065282 0.135889 0.366589 0.148254 0.363636 0.244186 0.532258 5
0.288462 0.029412 0.253012 0.007669 0.097923 0.170732 0.285383 0.06709 0.418182 0.604651 0.532258 5
0.182692 0.166667 0.192771 0.177914 0.094955 0.142857 0.273782 0.156737 0.463636 0.360465 0.387097 5
0.278846 0.088235 0.222892 0.021472 0.089021 0.111498 0.269142 0.09813 0.490909 0.44186 0.451613 5
0.125 0.245098 0.13253 0.015337 0.053412 0.055749 0.185615 0.042221 0.718182 0.186046 0.725806 5
0.221154 0.156863 0.156627 0.016871 0.071217 0.205575 0.290023 0.0615 0.427273 0.686046 0.629032 5
0.355769 0.220588 0.228916 0.01227 0.11276 0.097561 0.199536 0.086177 0.454545 0.348837 0.564516 5
0.269231 0.137255 0.210843 0.01227 0.121662 0.073171 0.171694 0.059379 0.409091 0.302326 0.645161 5
0.173077 0.137255 0.192771 0.009202 0.04451 0.094077 0.204176 0.021592 0.436364 0.27907 0.814516 5
0.269231 0.107843 0.210843 0.013804 0.083086 0.121951 0.227378 0.056872 0.418182 0.534884 0.645161 5
0.259615 0.098039 0.246988 0.208589 0.089021 0.156794 0.278422 0.186427 0.509091 0.581395 0.370968 5
0.317308 0.039216 0.180723 0.038344 0.026706 0.045296 0.064965 0.056487 0.272727 0.348837 0.629032 5
0.221154 0.245098 0.180723 0.03681 0.080119 0.097561 0.266821 0.040679 0.536364 0.209302 0.822581 5
0.307692 0.137255 0.168675 0.153374 0.089021 0.10453 0.25058 0.124156 0.3 0.383721 0.564516 5
0.182692 0.098039 0.216867 0.009202 0.109792 0.02439 0.143852 0.09408 0.890909 0.534884 0.467742 5
0.115385 0.215686 0.198795 0.047546 0.062315 0.181185 0.38051 0.030653 0.581818 0.093023 0.806452 5
0.336538 0.166667 0.253012 0.208589 0.094955 0.191638 0.401392 0.240794 0.518182 0.616279 0.177419 5
0.288462 0.303922 0.204819 0.104294 0.032641 0.125436 0.287703 0.096588 0.418182 0.255814 0.645161 5
0.240385 0.107843 0.174699 0.021472 0.038576 0.108014 0.201856 0.036822 0.290909 0.372093 0.774194 5
0.173077 0.098039 0.349398 0.009969 0.074184 0.094077 0.278422 0.052631 0.718182 0.44186 0.645161 5
0.173077 0.098039 0.349398 0.009969 0.074184 0.094077 0.278422 0.052631 0.718182 0.44186 0.645161 5
0.221154 0.294118 0.253012 0.067485 0.020772 0.101045 0.241299 0.057065 0.390909 0.104651 0.709677 5
0.336538 0.107843 0.150602 0.01227 0.124629 0.135889 0.227378 0.129362 0.736364 0.511628 0.403226 5
0.192308 0.235294 0.228916 0.06365 0.071217 0.073171 0.197216 0.074995 0.636364 0.232558 0.612903 5
0.259615 0.137255 0.192771 0.02454 0.05638 0.118467 0.192575 0.070368 0.5 0.430232 0.629032 5
0.461539 0.181373 0.216867 0.009202 0.074184 0.045296 0.164733 0.080778 0.209091 0.162791 0.548387 5
0.298077 0.127451 0.198795 0.018405 0.074184 0.160279 0.294664 0.053788 0.481818 0.22093 0.741936 5
0.259615 0.196078 0.204819 0.06135 0.133531 0.069686 0.280742 0.092924 0.436364 0.27907 0.645161 5
0.307692 0.068627 0.168675 0.216258 0.124629 0.094077 0.324826 0.208405 0.218182 0.197674 0.16129 5
0.211538 0.137255 0.198795 0.177914 0.071217 0.080139 0.204176 0.124349 0.409091 0.232558 0.532258 5
0.317308 0.245098 0.180723 0.041411 0.074184 0.097561 0.215777 0.07885 0.327273 0.104651 0.693548 5
0.403846 0.362745 0.168675 0.156442 0.124629 0.080139 0.343387 0.165606 0.309091 0.290698 0.548387 5
0.413462 0.343137 0.253012 0.092025 0.071217 0.118467 0.306264 0.090418 0.236364 0.197674 0.854839 5
0.269231 0.264706 0.156627 0.032209 0.106825 0.059233 0.278422 0.046462 0.472727 0.302326 0.806452 5
0.259615 0 0.198795 0.019939 0.05638 0.073171 0.194896 0.074995 0.563636 0.55814 0.645161 5
0.192308 0.215686 0.253012 0.007669 0.080119 0.059233 0.241299 0.030846 0.345454 0.27907 0.741936 5
0.365385 0.117647 0.156627 0.064417 0.071217 0.083624 0.155452 0.070368 0.236364 0.313953 0.693548 5
0.192308 0.088235 0.216867 0.010736 0.080119 0.031359 0.141531 0.09466 0.645455 0.534884 0.387097 5
0.173077 0.156863 0.204819 0.021472 0.094955 0.041812 0.148492 0.052053 0.290909 0.267442 0.580645 5
0.125 0.245098 0.13253 0.015337 0.053412 0.055749 0.185615 0.042221 0.718182 0.186046 0.725806 5
0.317308 0.137255 0.198795 0.033742 0.071217 0.160279 0.334107 0.053788 0.390909 0.186046 0.758065 5
0.269231 0.088235 0.228916 0.013804 0.068249 0.090592 0.238979 0.082706 0.481818 0.383721 0.548387 5
0.288462 0.107843 0.216867 0.019939 0.077151 0.097561 0.201856 0.08849 0.390909 0.372093 0.451613 5
0.298077 0.107843 0.186747 0.286043 0.10089 0.125436 0.366589 0.239637 0.190909 0.348837 0.177419 5
0.201923 0.235294 0.168675 0.062883 0.089021 0.111498 0.197216 0.048775 0.454545 0.406977 0.822581 5
0.346154 0.078431 0.162651 0.228528 0.121662 0.080139 0.292343 0.217659 0.163636 0.244186 0.112903 5
0.192308 0.215686 0.228916 0.065951 0.089021 0.069686 0.178654 0.048582 0.463636 0.418605 0.822581 5
0.201923 0.215686 0.180723 0.021472 0.062315 0.125436 0.308585 0.034894 0.627273 0.22093 0.790323 5
0.278846 0.107843 0.23494 0.006135 0.068249 0.041812 0.143852 0.03875 0.536364 0.186046 0.806452 5
0.269231 0.088235 0.168675 0.007669 0.074184 0.184669 0.229698 0.043956 0.254545 0.348837 0.629032 5
0.173077 0.196078 0.162651 0.050613 0.10089 0.174216 0.345708 0.09466 0.572727 0.255814 0.435484 5
0.259615 0.176471 0.23494 0.01227 0.032641 0.034843 0.132251 0.072875 0.481818 0.616279 0.532258 5
0.307692 0.068627 0.168675 0.216258 0.124629 0.094077 0.324826 0.208405 0.218182 0.197674 0.16129 5
0.355769 0.220588 0.228916 0.01227 0.11276 0.097561 0.199536 0.086177 0.454545 0.348837 0.564516 5
0.278846 0.215686 0.174699 0.033742 0.047478 0.121951 0.227378 0.08637 0.536364 0.476744 0.532258 5
0.192308 0.156863 0.168675 0.01227 0.086053 0.132404 0.155452 0 0.345454 0.081395 0.951613 5
0.278846 0.352941 0.13253 0.056748 0.068249 0.059233 0.208817 0.058607 0.490909 0.360465 0.774194 5
0.269231 0.117647 0.228916 0.111963 0.127596 0.097561 0.315545 0.146327 0.545455 0.395349 0.483871 5
0.278846 0.107843 0.23494 0.006135 0.068249 0.041812 0.143852 0.03875 0.536364 0.186046 0.806452 5
0.346154 0.073529 0.204819 0.026074 0.106825 0.249129 0.475638 0.121264 0.418182 0.453488 0.306452 5
0.326923 0.156863 0.174699 0.02454 0.083086 0.121951 0.215777 0.094273 0.5 0.488372 0.483871 5
0.336538 0.166667 0.216867 0.191718 0.121662 0.114983 0.443155 0.221515 0.290909 0.27907 0.145161 5
0.365385 0.431373 0.295181 0.205521 0.074184 0.121951 0.341067 0.167534 0.381818 0.186046 0.612903 5
0.221154 0.27451 0.162651 0.023006 0.077151 0.04878 0.211137 0.08849 0.618182 0.569767 0.564516 5
0.144231 0.313726 0.150602 0.050613 0.065282 0.149826 0.280742 0.069596 0.536364 0.418605 0.604839 5
0.278846 0.088235 0.222892 0.021472 0.089021 0.111498 0.269142 0.09813 0.490909 0.44186 0.451613 5
0.153846 0.362745 0.162651 0.088957 0.071217 0.062718 0.215777 0.04492 0.454545 0.05814 0.870968 6
0.336538 0.107843 0.162651 0.203988 0.142433 0.149826 0.338747 0.211297 0.2 0.22093 0.129032 6
0.423077 0.284314 0.216867 0.006135 0.074184 0.052265 0.194896 0.067283 0.290909 0.116279 0.596774 6
0.375 0.313726 0.162651 0.059816 0.074184 0.087108 0.199536 0.089454 0.445455 0.430232 0.693548 6
0.269231 0.068627 0.192771 0.082822 0.071217 0.198606 0.276102 0.092731 0.427273 0.569767 0.66129 6
0.278846 0.176471 0.23494 0.007669 0.091988 0.149826 0.320186 0.123192 0.545455 0.418605 0.258065 6
0.307692 0.441176 0.259036 0.084356 0.059347 0.013937 0.155452 0.078465 0.327273 0.325581 0.725806 6
0.25 0.235294 0.150602 0.067485 0.136499 0.090592 0.299304 0.088683 0.5 0.325581 0.709677 6
0.317308 0.382353 0.174699 0.217791 0.04451 0.069686 0.308585 0.155581 0.363636 0.302326 0.645161 6
0.317308 0.176471 0.222892 0.075153 0.047478 0.101045 0.222738 0.071524 0.309091 0.127907 0.741936 6
0.413462 0.186275 0.210843 0.016871 0.062315 0.125436 0.218097 0.104878 0.454545 0.476744 0.387097 6
0.278846 0.196078 0.186747 0.104294 0.094955 0.017422 0.167053 0.104684 0.290909 0.290698 0.548387 6
0.230769 0.284314 0.144578 0.084356 0.068249 0.059233 0.178654 0.042992 0.290909 0.046512 0.870968 6
0.153846 0.441176 0.096386 0.032209 0.080119 0.111498 0.276102 0.027955 0.436364 0.360465 0.83871 6
0.278846 0.176471 0.23494 0.007669 0.091988 0.149826 0.320186 0.123192 0.545455 0.418605 0.258065 6
0.336538 0.303922 0.222892 0.007669 0.10089 0.118467 0.241299 0.074995 0.609091 0.302326 0.758065 6
0.25 0.235294 0.210843 0.064417 0.062315 0.111498 0.213457 0.07885 0.581818 0.44186 0.725806 6
0.384615 0.127451 0.23494 0.018405 0.074184 0.209059 0.396752 0.074995 0.336364 0.616279 0.741936 6
0.413462 0.088235 0.26506 0.207055 0.130564 0.142857 0.315545 0.260073 0.509091 0.616279 0.129032 6