parkinsons

std=[1.1938141934214297, 1.1641110839220317, 1.1475551149485141, 1.100196285029885, 1.392380871015414, 1.454876349455562, 1.5108349716762055, 1.6310113796012016, 1.7003856796661028, 1.700163445344507, 1.6735265623171494, 1.6918586682314278, 1.732135190255962, 1.7485357632190073, 1.7338672568818583, 1.7335906653091544, 1.7153815035175997, 1.7065192883269311, 1.6985501601349509, 1.7166749038811602, 1.7184137083561144, 1.7189970625196795, 1.7321116347048868, 1.7465146959647806, 1.7567945426108398, 1.7653750841163816, 1.770259689287673, 1.7775108587832347, 1.7834306579974888, 1.785148591492806, 1.7897357615628895, 1.7946460291711648, 1.7965572873007953, 1.798539475617651, 1.8003174056386102, 1.8010737739375933, 1.8023746604032929, 1.8022764020561477, 1.80282640249252, 1.8034794272340267]
ling_mean=[10.949762598221096, 10.061429705667553, 9.578307121343768, 9.330515444602765, 8.838293406536199, 8.383476014868195, 8.200741776338415, 8.008871027278229, 7.822754038606769, 7.771618396291872, 7.695288370151411, 7.576280137538271, 7.4967840910655115, 7.44091939150516, 7.414720486101672, 7.361871033325367, 7.327621279963926, 7.275550220678129, 7.233549524431282, 7.165432077620856, 7.119239748563233, 7.084369748507529, 7.046766331340651, 7.00400853848726, 6.983864897418026, 6.965921301048018, 6.946104232589489, 6.923165515921251, 6.9045822210977095, 6.889940924213778, 6.873329427820957, 6.8589618699555785, 6.850594106148369, 6.843797287575688, 6.837329019477208, 6.830251198319459, 6.824902128510952, 6.818906024236609, 6.813123836880888, 6.808296020072109]

weightmatrix= [3.0607490416267764, 2.4566344471025377, 2.9621552430566676, 3.16885084127075, 2.9324530722317386, 2.9609313013216297, 2.53906659125528, 2.8709629959324, 2.722096079860025, 2.8413487808396466, 2.6098615038216474, 2.88538755391977, 2.8625324364775, 2.5949602271475806, 2.78179654346716, 2.757823969568127, 2.773604125450812, 2.7476434118475, 2.7898093886042765, 2.7476655959285032, 2.7581739274998167, 2.7602775971244067, 2.7612844964580847, 2.761008167336472, 2.763024998911085, 2.7596615343307476, 2.759853752173726, 2.761209941101289, 2.756001612875505, 2.7616049486793557, 2.7603575033647645, 2.761712760216577, 2.760434323562639, 2.765302276409863, 2.7595299593555853, 2.761900201333132, 2.76158150456661, 2.7610008593908197, 2.760907589544271, 2.758919860225989]
ling=[0.300, 0.212, 0.256, 0.278,0.231,0.321, 0.289,0.305,0.311, 0.290, 0.333, 0.312,0.279,0.277, 0.254,0.300,0.309, 0.306, 0.306, 0.276,0.276,0.276,0.276,0.276,0.276,0.276,0.276, 0.276,0.276,0.276,0.276,0.276,0.276,0.276,0.276,0.276,0.276,0.276,0.276,0.276]

autompg
ling_mean=[43.00324615700005, 42.86708866651569, 42.00889042264522, 41.53742623155092, 40.90203286051461, 39.917787437106846, 39.832734089618455, 39.7713732994925, 39.420982862235, 39.005997786928455, 38.60046018286185, 38.501640627934044, 38.47110087970231, 38.45329502708573, 38.434404191882166, 38.42635629204527, 38.416434378559366, 38.40836198558986, 38.40448908729568, 38.3934713214571]
std=[2.8064581224334884, 2.7852031986840236, 2.6954365668597733, 2.5609166867135675, 2.763943398983916, 2.70875294257183, 2.782157169214163, 2.824569092117132, 2.9247151412452026, 2.9171411967260634, 2.9791272841549823, 3.0208972699479744, 3.031928301859465, 3.031548080431619, 3.0395566236903915, 3.0386936522395938, 3.0306847233881338, 3.0240635217240945, 3.018879604988817, 3.0298397044711547]

weightmatrix= [1.8391859347929786, 2.116253190349208, 2.6324629338870726, 2.330775415204829, 2.0215834441984233, 2.1270941492967405, 2.2339503167233987, 2.34440042079805, 2.3414885010754882, 2.3190536913152267, 2.3174536136032885, 2.317488502654246, 2.3179544168086374, 2.3176618561746706, 2.317018666616727, 2.317183288185578, 2.3177587914876157, 2.3177187018744803, 2.31890343496444125, 2.318902292389116]
ling=[0.28064581224334884, 0.27852031986840236, 0.26954365668597733, 0.25609166867135675, 0.2763943398983916, 0.270875294257183, 0.2782157169214163, 0.2824569092117132, 0.29247151412452026, 0.29171411967260634, 0.30208972699479744, 0.30208972699479744, 0.30208972699479744, 0.30208972699479744,0.30208972699479744, 0.30208972699479744, 0.30208972699479744, 0.30208972699479744, 0.30208972699479744, 0.30208972699479744]


正太分布均值和方差记录：

x = random.normal(loc=0.3093564432240637 , scale=0.05665474264050354,size=50000)
x1=random.normal(loc=0.34026168479112045, scale=0.06779537007126712,size=50000)
x2=random.normal(loc=0.35538187198481583, scale=0.06211532020881878,size=50000)

x6=random.normal(loc=0.29282853000486145 , scale=0.04519656661404224,size=50000)
x7=random.normal(loc=0.33211946980202467, scale=0.05804151797850572,size=50000)
x8=random.normal(loc=0.3850520001931139 , scale=0.05450723034297082,size=50000)

x6=random.normal(loc=0.25282853000486145 , scale=0.047019656661404224,size=50000)
x7=random.normal(loc=0.34211946980202467, scale=0.05604151797850572,size=50000)
x8=random.normal(loc=0.410520001931139 , scale=0.0500723034297082,size=50000)

x=0.309  0.340  0.355      scale=0.0506 0.0537  0.0561

x1=0.293  0.332 0.385  scale= 0.0452 0.0480  0.0545

x2=0.253  0.342 0.411  scale=0.047 0.050 0.058