0.037781	0.730769	0.111111	0.364014	0.631579	0.297297	0.4175	0.285714	0.479167	0.581152	0.074074	0.184358	0.730769	0.387187	0.525478	0	0	0.806452	0.233333	0.1875	0.666667	0.62757	1	1
0.370619	0.5	0.888889	0.364014	0.778947	0.135135	0.75	0.360902	0.479167	0.559796	0.259259	0.181564	0.711538	0.356546	0.566879	0	0	0.903226	0.3	0.375	0.666667	0.594845	1	1
0.245417	0.538462	0.888889	0	0.568421	0.135135	0.4175	0.360902	0.375	0.21466	0.259259	0.156425	0.564231	0.406685	0.535032	0	0	0.806452	0.433333	0.375	0.666667	0.716189	1	1
0.219524	0.538462	0.111111	0	0.526316	0.297297	0.4175	0.43609	0.479167	0.581152	0.259259	0	0.807692	0.45961	0.652866	0.3125	0	0.741935	0.2	0.21875	0.666667	0.675934	1	1
0.230078	0.538462	0.111111	0	0.526316	0.135135	0.335	0.421053	0.395833	0.319372	0.222222	0.240223	0.564231	0.356546	0.496815	0.3125	0	0.806452	0.266667	0.375	0.666667	0.594845	1	1
0.194981	0.961538	0.111111	1	0.526316	0.297297	0.4175	0.398496	0.375	0.581152	0.259259	0	1	0.598886	0.493631	0.375	0	0.806452	0.2	0.0625	0.666667	0.675934	1	1
0.194981	0.961538	0.888889	1	0.526316	0.297297	0.1675	0.398496	0.375	0.581152	0.222222	0	1	0.598886	0.493631	0.375	0	0.806452	0.366667	0.0625	0.666667	0.675934	1	1
0.21414	0.5	0.111111	1	0.842105	0.216216	0.5	0.360902	0.375	0.790576	0.296296	0.634078	0.673077	0.125348	0.312102	0	0	0.967742	0.333333	0.3125	0.666667	0.675644	1	1
0.21414	0.5	0.888889	0	0.842105	0.216216	0.1675	0.360902	0.229167	0.581152	0.259259	0.432961	0.673077	0.208914	0.442675	0	0	0.967742	0.333333	0.3125	0.666667	0.673907	1	1
0.191729	0.730769	0.111111	1	0.526316	0.216216	0.335	0.360902	0.375	0.790576	0.074074	0.441341	0.615385	0.236769	0.404459	0	0	0.806452	0.333333	0.3125	0.666667	0.576021	1	1
0.230461	0.423077	0.444444	1	0.105263	0.27027	0.1675	0.210526	0.166667	0.559796	0.275914	0	0.615385	0.598886	0.493631	0	0	0.806452	0.266667	0.15625	0.666667	0.482769	1	1
0.230461	0.423077	0	1	0.105263	0.27027	0.1675	0.323308	0.166667	0.559796	0.275914	0.164804	0.615385	0.495822	0.423567	0	0	0.806452	0.6	0.15625	0.666667	0.482769	1	1
0.191453	0.423077	0.444444	0	0.736842	0.081081	0.335	0.390977	0.145833	0.581152	0.275914	0.307263	0.538462	0.387187	0.38535	0	0	0.806452	0.333333	0.125	0.666667	0.576021	1	1
0.191453	0.423077	0	1	0.736842	0.081081	0.5	0.398496	0.1875	0.581152	0.275914	0.187151	0.538462	0.423398	0.480892	0	0	0.354839	0.466667	0.125	0.666667	0.576021	1	1
0.222899	0.846154	0.111111	1	0.526316	0.27027	0.25	0.360902	0.270833	0.633508	0.259259	0	0.923077	0.495822	0.611465	0	0	0.548387	0.333333	0.0625	0.666667	0.697075	1	1
0.194981	0.846154	0.888889	1	0.315789	0.27027	0.1675	0.285714	0.395833	0.633508	0.259259	0	0.923077	0.598886	0.493631	0	0	0.322581	0.333333	0.0625	0.666667	0.697075	1	1
0.219355	0.846154	0.111111	1	0.105263	0.216216	0.1675	0.383459	0.270833	0.633508	0.166667	0.03352	0.846154	0.476323	0.595541	0.25	0	0.645161	0.333333	0.0625	0.666667	0.392268	1	1
0.21954	0.961538	0.888889	1	0.526316	0.27027	0.4175	0.285714	0.395833	0.790576	0.259259	0.223464	0.826923	0.45961	0.398089	0	0	0.806452	0.333333	0.21875	0.666667	0.697075	1	1
0.21954	0.961538	0.111111	1	0.526316	0.27027	0.4175	0.300752	0.3125	0.790576	0.166667	0.164804	0.826923	0.495822	0.423567	0	0	0.806452	0.333333	0.21875	0.666667	0.697075	1	1
0.21954	0.5	0.111111	1	0.263158	0.243243	0.1675	0.360902	0.6875	0.581152	0.222222	0.558659	0.788462	0.111421	0.414013	0	0	0.774194	0.266667	0.21875	0.666667	0.697075	1	1
0.21954	0.5	0.888889	1	0.263158	0.243243	0.1675	0.398496	0.708333	0.581152	0.259259	0.606145	0.788462	0.069638	0.407643	0	0	0.870968	0.266667	0.21875	0.666667	0.697075	1	1
0.037843	0.730769	0.111111	1	0.421053	0.243243	0.335	0.218045	0.4375	0.47644	0.111111	0.212291	0.580769	0.370474	0.509554	0	0	0.806452	0.233333	0.1875	0.666667	0.896322	1	1
0.037843	0.730769	0.666667	0	0.315789	0.243243	0.1675	0.210526	0.25	0.47644	0.074074	0.23743	0.580769	0.339833	0.519108	0.125	0	0.806452	0.3	0.1875	0.666667	0.772372	1	1
0.068261	0.423077	0	1	0.105263	0.189189	0.1675	0.315789	0.145833	0.685864	0.275914	0	0.548077	0.612813	0.477707	0	0	0.322581	0.433333	0.1875	0.666667	0.697075	1	1
0.188584	0.538462	0.111111	1	0.315789	0.216216	0.335	0.360902	0.8125	0.790576	0.222222	0	0.576923	0.495822	0.611465	0.125	0	0.967742	0.266667	0.375	0.666667	0.573125	1	1
0.188584	0.538462	0.888889	1	0.157895	0.216216	0.1675	0.285714	0.520833	0.790576	0.277778	0.212291	0.576923	0.370474	0.509554	0.25	0	0.806452	0.333333	0.375	0.666667	0.573125	1	1
0.22747	0.5	0.888889	1	0.263158	0.243243	0.4175	0.285714	0.583333	0.581152	0.333333	0	0.538462	0.598886	0.493631	0	0	0.903226	0.333333	0	0.666667	0.573125	1	1
0.22747	0.5	0.111111	0	0.210526	0.243243	0.4175	0.360902	0.479167	0.790576	0.296296	0.195531	0.538462	0.476323	0.410828	0	0	0.967742	0.333333	0	0.666667	0.573125	1	1
0.068261	0.423077	0	1	0.105263	0.189189	0.1675	0.315789	0.145833	0.685864	0.275914	0	0.548077	0.576602	0.519108	0	0	0.322581	0.433333	0.1875	0.666667	0.697075	1	1
0.194996	0.846154	0.888889	0	0.526316	0.216216	0.1675	0.360902	0.520833	0.685864	0.259259	0	0.873077	0.406685	0.713376	0.75	0	0.645161	0.333333	0.0625	0.666667	0.576021	1	1
0.194996	0.846154	0.111111	0	0.526316	0.216216	0.4175	0.383459	0.479167	0.633508	0.259259	0	0.873077	0.406685	0.713376	0.75	0	0.483871	0.5	0.0625	0.666667	0.576021	1	1
0.195641	0.961538	0.111111	1	0.736842	0.216216	0.335	0.345865	0	0.581152	0.148148	0.03352	0.569231	0.476323	0.595541	0	0	0.451613	0.566667	0.15625	0.666667	0.573125	1	1
0.195641	0.961538	0.888889	1	0.578947	0.216216	0.25	0.406015	0.020833	0.581152	0.074074	0.22067	0.569231	0.423398	0.44586	0	0	0.548387	0.233333	0.15625	0.666667	0.573125	1	1
0.194996	0.846154	0.111111	0	0.526316	0.216216	0.4175	0.43609	0.625	0.633508	0.351852	0	0.884615	0.495822	0.611465	0	0	0.419355	0.233333	0.0625	0.666667	0.576021	1	1
0.220905	0.730769	0.111111	1	0	0.081081	0.1675	0.135338	0.375	0.47644	0.166667	0	0.615385	0.45961	0.652866	0	0	0.806452	0.283333	0.0625	0.666667	0.573125	1	1
0.220905	0.730769	0.666667	1	0	0.081081	0.25	0.210526	0.270833	0.47644	0.166667	0	0.615385	0.495822	0.611465	0.3125	0	0.548387	0.3	0.0625	0.666667	0.573125	1	1
0.21957	0.538462	0.888889	1	0.315789	0.297297	0.5	0.353383	0.4375	0.371728	0.333333	0.067039	0.769231	0.557103	0.464968	0	0	0.774194	0.433333	0.21875	0.666667	0.576021	1	1
0.196806	0.846154	0.111111	0	0.315789	0.297297	0.1675	0.285714	0.229167	0.581152	0.222222	0	0.653846	0.495822	0.611465	0	0	0.322581	0.333333	0.15625	0.666667	0.576021	1	1
0.196806	0.846154	0.888889	1	0.315789	0.297297	0.335	0.398496	0.229167	0.685864	0.166667	0	0.653846	0.495822	0.611465	0	0	0.322581	0.333333	0.15625	0.666667	0.57327	1	1
0.195901	0.5	0.888889	1	0.315789	0	0.25	0.511278	0.583333	0.47644	0.259259	0	0.769231	0.598886	0.493631	0	0	0.806452	0.3	0.0625	0.666667	0.57327	1	1
0.194996	0.846154	0.888889	0	0.526316	0.216216	0.1675	0.43609	0.5625	0.559796	0.351852	0	0.884615	0.406685	0.713376	0	0	0.645161	0.266667	0.0625	0.666667	0.576021	1	1
0.22747	0	0.666667	1	0.210526	0.081081	0.6675	0.06015	0.104167	0.581152	0.555556	0.131285	0.538462	0.495822	0.461783	0	0	0.645161	0.333333	0	0.666667	0.57327	1	1
0.22747	0	0.111111	1	0.210526	0.081081	0.75	0.360902	0.270833	0.581152	0.62963	0	0.538462	0.598886	0.493631	0	0	0.903226	0.5	0	0.666667	0.57327	1	1
0.220061	0.961538	0.111111	0	0.315789	0.108108	0.25	0.285714	0.416667	0.581152	0.074074	0.26257	0.769231	0.309192	0.525478	0	0	0.806452	0.333333	0.375	0.666667	0.576021	1	1
0.220061	0.961538	0.888889	0	0.315789	0.108108	0.1675	0.285714	0.458333	0.581152	0.074074	0.329609	0.769231	0.222841	0.547771	0	0	0.806452	0.333333	0.375	0.666667	0.576021	1	1
0.218036	0.730769	0.666667	1	0.368421	0.162162	0.4175	0.210526	0.270833	0.47644	0.074074	0.064246	0.673077	0.45961	0.573248	0.25	0	0.806452	0.233333	0.21875	0.666667	0.395019	1	1
0.190471	1	0.888889	0	0.210526	0.108108	0.1675	0.37594	0.5625	0.790576	0.259259	0	0.807692	0.598886	0.493631	0.25	0	0.645161	0.3	0.0625	0.666667	0.312395	1	1
0.370634	0.423077	0.888889	0	0.210526	0.27027	0.4175	0.218045	0.166667	0.790576	0.275914	0	0.576923	0.51532	0.589172	0	0	0.83871	0.333333	0.375	0.666667	0.762815	1	1
0.370634	0	0.111111	0	0.526316	0.216216	0.5	0.21203	0.229167	0.581152	0.740741	0.206704	0.692308	0.339833	0.55414	0	0.083333	0.967742	0.433333	0.375	0.666667	0.762815	1	1
0.370634	0.538462	0.111111	0	0.894737	0.27027	0.1675	0.323308	0.479167	0.371728	0.333333	0.455307	0.647308	0.069638	0.579618	0.375	0	0.806452	0.333333	0.375	0.666667	0.762815	1	1
0.21664	0.730769	0.111111	0	0.631579	0.054054	0.335	0.360902	0.375	0.47644	0.074074	0.156425	0.711538	0.406685	0.538217	0	0	0.258065	0.25	0.15625	0.666667	0.762815	1	1
0.21957	0.730769	0.111111	1	0.368421	0.162162	0.1675	0.210526	0.479167	0.47644	0.074074	0.206704	0.673077	0.339833	0.55414	0	0	0.677419	0.3	0.21875	0.666667	0.395019	1	1
0.370634	0.423077	0	0	0.578947	0.27027	0.1675	0.308271	0.3125	0.581152	0.275914	0.346369	0.615385	0.292479	0.449045	0	0	0.806452	0.333333	0.375	0.666667	0.762815	1	1
0.370634	0.423077	1	0	0.210526	0.27027	0.1675	0.300752	0.125	0.790576	0.275914	0	0.576923	0.51532	0.589172	0	0	0.741935	0.3	0.375	0.666667	0.762815	1	1
0.370634	0.423077	0.444444	0	0.578947	0.27027	0.25	0.360902	0.229167	0.581152	0.275914	0	0.615385	0.495822	0.611465	0.25	0	0.741935	0.266667	0.375	0.666667	0.762815	1	1
0.370634	0.423077	0.444444	0	0.578947	0.054054	0.25	0.210526	0.333333	0.581152	0.275914	0.268156	0.615385	0.339833	0.484076	0	0	0.741935	0.333333	0.375	0.666667	0.762815	1	1
0.370634	0.423077	0.888889	0	0.578947	0.216216	0.335	0.293233	0.395833	0.371728	0.277778	0.184358	0.634615	0.387187	0.525478	0	0	0.806452	0.5	0.375	0.666667	0.762815	1	1
0.219586	1	0.888889	0	0.315789	0.243243	0.1675	0.368421	0.4375	0.73822	0.259259	0.156425	0.692308	0.406685	0.538217	0	0	0.645161	0.333333	0.21875	0.666667	0.576021	1	1
0.370634	0.423077	0	0.364014	0.578947	0.054054	0.1675	0.285714	0.1875	0.581152	0.275914	0.371508	0.615385	0.406685	0.643312	0	0	0.774194	0.266667	0.375	0.666667	0.482769	1	1
0.219586	0.961538	0.111111	0	0.315789	0.216216	0.5425	0.398496	0.3125	0.47644	0.074074	0.25419	0.769231	0.440111	0.38535	0.25	0	0.806452	0.166667	0.21875	0.666667	0.576021	1	1
0.219586	0.961538	0.888889	0	0.315789	0.216216	0.5425	0.368421	0.270833	0.47644	0.074074	0.310056	0.769231	0.406685	0.359873	0.25	0	0.580645	0.3	0.21875	0.666667	0.576021	1	1
0.195012	0.846154	0.888889	0	0.315789	0.216216	0.335	0.360902	0.479167	0.424084	0.259259	0.156425	0.730769	0.406685	0.538217	0	0	0.709677	0.433333	0.0625	0.666667	0.576021	1	1
0.230262	0.538462	0.111111	0.364014	0.736842	0.378378	0.5	0.278195	0.416667	0.581152	0.203704	0	0.634615	0.495822	0.611465	0	0	0.806452	0.233333	0.15625	0.666667	0.579207	1	1
0.037935	0.730769	0.111111	1	0.421053	0.27027	0.356775	0.293233	0.375	0.47644	0.074074	0.418994	0.673077	0.250696	0.414013	0	0	0.516129	0.3	0.1875	0.666667	0.576021	1	1
0.230262	0.538462	0.888889	0	0.631579	0.378378	0.1675	0.330827	0.354167	0.581152	0.148148	0	0.634615	0.495822	0.611465	0	0	0.806452	0.566667	0.15625	0.666667	0.579207	1	1
0.219586	1	0.111111	1	0.315789	0.378378	0.25	0.308271	0.354167	0.790576	0.333333	0	0.769231	0.598886	0.493631	0	0	0.709677	0.333333	0.21875	0.666667	0.482769	1	1
0.219586	1	0.888889	1	0.315789	0.378378	0.25	0.421053	0.4375	0.73822	0.259259	0	0.769231	0.598886	0.493631	0	0	0.774194	0.3	0.21875	0.666667	0.482769	1	1
0.191652	0.961538	0.111111	0	0.357895	0.243243	0.4175	0.285714	0.479167	1	0.074074	0.46648	0.5	0.222841	0.39172	0	0	0.806452	0.066667	0.375	0.666667	0.772372	1	1
0.191652	0.961538	0.888889	0	0.421053	0.243243	0.4175	0.323308	0.375	1	0.074074	0.393855	0.5	0.264624	0.426752	0	0	0.806452	0.5	0.375	0.666667	0.772372	1	1
0.195027	0.846154	0.111111	0	0.526316	0.216216	0.4175	0.360902	0.270833	0.633508	0.259259	0.094972	0.923077	0.440111	0.566879	0	0	0.806452	0.266667	0.0625	0.666667	0.57327	1	1
0.195027	0.846154	0.888889	0	0.463158	0.216216	0.335	0.360902	0.479167	0.424084	0.259259	0.25419	0.923077	0.264624	0.585987	0	0	0.806452	0.366667	0.0625	0.666667	0.57327	1	1
0.222914	0.846154	0.111111	1	0.210526	0.351351	0.25	0.360902	0.395833	0.633508	0.259259	0.248603	0.730769	0.236769	0.624204	0	0	0.806452	0.4	0.0625	0.666667	0.576021	1	1
0.222914	0.846154	0.888889	1	0.210526	0.351351	0.25	0.360902	0.604167	0.424084	0.259259	0.449721	0.730769	0.100279	0.550955	0	0	0.806452	0.5	0.0625	0.666667	0.576021	1	1
0.195947	0.961538	0.111111	1	0.210526	0.216216	0.25	0.210526	0.375	1	0.074074	0.212291	0.701322	0.370474	0.509554	0	0	0.806452	0.666667	0.15625	0.666667	0.675644	1	1
0.195947	0.961538	0.888889	1	0.263158	0.216216	0.25	0.210526	0.479167	1	0.074074	0.174581	0.701322	0.309192	0.627389	0	0	0.967742	0.5	0.15625	0.666667	0.675644	1	1
0.226749	0.423077	0	0	0.315789	0.243243	0.1675	0.285714	0.229167	0.581152	0.275914	0	0.673077	0.495822	0.611465	0	0	0.870968	0.233333	0.21875	0.666667	0.57327	1	1
0.226749	0.423077	0.444444	0	0.315789	0.243243	0.25	0.323308	0.229167	0.581152	0.275914	0.156425	0.673077	0.406685	0.538217	0	0	0.483871	0.166667	0.21875	0.666667	0.57327	1	1
0.198524	0.846154	0.111111	0	0.463158	0.864865	0.6675	0.360902	0.354167	0.633508	0.407407	0	0.730769	0.495822	0.611465	0.125	0	0.806452	0.366667	0.15625	0.666667	0.57327	1	1
0.196837	0.846154	0.888889	0	0.463158	0.864865	0.5	0.360902	0.520833	0.424084	0.259259	0.041899	0.730769	0.264624	0.39172	0	0	0.806452	0.366667	0.15625	0.666667	0.57327	1	1
0.370649	0.423077	0.444444	0	0.526316	0.459459	0.4175	0.43609	0.25	0.581152	0.275914	0	0.653846	0.495822	0.611465	0	0	0.709677	0.3	0.375	0.666667	0.675644	1	1
0.370649	0	0.666667	0	0.526316	0.540541	0.25	0.160902	0.354167	0.47644	0.275914	0.134078	0.628846	0.51532	0.436306	0.0625	0	0.967742	0.666667	0.375	0.666667	0.482769	1	1
0.370649	0	0.111111	0	0.526316	0.540541	0.25	0.2	0.270833	0.47644	0.574074	0.284916	0.628846	0.278552	0.535032	0	0	0.967742	0.333333	0.375	0.666667	0.482769	1	1
0.370649	0.423077	0	0	0.526316	0.459459	0.335	0.330827	0.291667	0.581152	0.275914	0.575419	0.653846	0.158774	0.340764	0	0	0.806452	0.2	0.375	0.666667	0.675644	1	1
0.370649	0	0.111111	0	0.526316	0.405405	0.1675	0.338346	0.6875	0.581152	0.62963	0	0.546154	0.598886	0.493631	0	0	0.967742	0.45	0.375	0.666667	0.669563	1	1
0.370649	0	0.666667	0	0.526316	0.405405	0.1675	0.323308	0.354167	0.581152	0.777778	0.134078	0.546154	0.51532	0.436306	0.1875	0	0.967742	0.333333	0.375	0.666667	0.669563	1	1
0.196822	0.846154	0.888889	1	0.210526	0.567568	0.25	0.360902	0.520833	0.424084	0.222222	0.156425	0.807692	0.423398	0.515924	0	0	0.548387	0.133333	0.0625	0.666667	0.57327	1	1
0.196822	0.846154	0.111111	1	0.210526	0.567568	0.1675	0.285714	0.479167	0.633508	0.444444	0.240223	0.807692	0.356546	0.496815	0.5	0	0.548387	0.333333	0.0625	0.666667	0.482769	1	1
0.216732	0.846154	0.111111	1	0.315789	0.405405	0.1675	0.360902	0.229167	0.633508	0.259259	0	0.923077	0.495822	0.611465	0.5	0	0.806452	0.5	0.15625	0.666667	0.57327	1	1
0.370128	0.846154	0.888889	1	0.315789	0.405405	0.25	0.360902	0.270833	0.424084	0.259259	0	0.923077	0.495822	0.611465	0.5	0	0.483871	0.166667	0.15625	0.666667	0.57327	1	1
0.142965	0.961538	0.111111	0	0.421812	0.648649	0.25	0.225564	0.479167	0.790576	0.074074	0.156425	0.701322	0.406685	0.538217	0	0	0.645161	0.833333	0.15625	0.666667	0.669563	1	1
0.142965	0.961538	0.888889	1	0.263158	0.648649	0.25	0.360902	0.375	0.581152	0.074074	0.120112	0.701322	0.370474	0.61465	0	0	0.806452	0.5	0.15625	0.666667	0.669563	1	1
0.226749	0.538462	0.888889	1	0.315789	0.513514	0.1675	0.345865	0.395833	0.371728	0.407407	0.156425	0.667692	0.406685	0.538217	0	0	0.806452	0.5	0.21875	0.666667	0.57327	1	1
0.226749	0.538462	0.111111	1	0.315789	0.513514	0.1675	0.315789	0.4375	0.371728	0.333333	0.159218	0.667692	0.440111	0.474522	0	0	0.806452	0.366667	0.21875	0.666667	0.57327	1	1
0.229387	0.730769	0.111111	1	0.631579	0.27027	0.335	0.323308	0.458333	0.47644	0.074074	0.46648	0.711538	0.370474	0.39172	0.25	0	0.806452	0.333333	0.1875	0.666667	0.482769	1	1
0.190517	0.846154	0.111111	0	0.421053	0.513514	0.5	0.323308	0.395833	0.633508	0.259259	0.156425	0.865385	0.406685	0.538217	0.125	0	0.806452	0.433333	0.0625	0.666667	0.669563	1	1
0.219739	1	0.111111	0	0.473684	0.891892	0.6675	0.360902	0.479167	0.581152	0.259259	0	0.865385	0.495822	0.611465	0	0	0.483871	0.333333	0.21875	0.666667	0.669563	1	1
0.219739	1	0.888889	0	0.473684	0.891892	0.5425	0.360902	0.479167	0.581152	0.259259	0	0.865385	0.309192	0.824841	0	0	0.483871	0.25	0.21875	0.666667	0.669563	1	1
0.190517	0.846154	0.888889	0	0.421053	0.513514	0.585	0.323308	0.354167	0.424084	0.444444	0.293296	0.865385	0.32312	0.471338	0.125	0	0.806452	0.6	0.0625	0.666667	0.669563	1	1
0.219739	0.961538	0.111111	1	0.263158	0.945946	0.5	0.278195	0.145833	0.581152	0.222222	0.094972	0.576923	0.45961	0.544586	0	0	0.806452	0.333333	0.375	0.666667	0.682305	1	1
0.219739	0.961538	0.888889	1	0.263158	0.945946	0.6675	0.285714	0.166667	0.581152	0.166667	0.150838	0.576923	0.370474	0.579618	0	0	0.741935	0.3	0.375	0.666667	0.675644	1	1
0.219325	0.846154	0.111111	1	0.473684	0.675676	0.6675	0.24812	0.354167	0.633508	0.074074	0.240223	0.615385	0.356546	0.496815	0	0	0.645161	0.5	0.21875	0.666667	0.772372	1	1
0.225767	1	0.888889	0	0.315789	0.72973	0.4175	0.360902	0.5625	0.73822	0.222222	0	0.846154	0.495822	0.611465	0.25	0	0.806452	0.2	0.0625	0.666667	0.669563	1	1
0.195088	1	0.111111	0	0.315789	0.72973	0.335	0.360902	0.5625	0.73822	0.296296	0	0.846154	0.495822	0.611465	0.25	0	0.451613	0.333333	0.0625	0.666667	0.669563	1	1
0.190486	0.538462	0.888889	0	0.315789	0.783784	0.1675	0.323308	0.583333	0.790576	0.185185	0	0.923077	0.495822	0.611465	0	0	0.806452	0.333333	0.0625	0.666667	0.57327	1	1
0.190486	0.538462	0.111111	0	0.315789	0.783784	0.25	0.285714	0.520833	0.581152	0.277778	0	0.923077	0.529248	0.573248	0.1875	0	0.806452	0.333333	0.0625	0.666667	0.675644	1	1
0.219325	0.846154	0.888889	1	0.526316	0.675676	0.6675	0.360902	0.395833	0.424084	0.222222	0.156425	0.615385	0.406685	0.538217	0	0	0.322581	0.166667	0.21875	0.666667	0.772372	1	1
0.228176	0.5	0.111111	0	0.526316	0.72973	0.6675	0.315789	0.854167	0.581152	0.166667	0.296089	0.673077	0.197772	0.61465	0	0	0.903226	0.433333	0.15625	0.666667	0.772372	1	1
0.228176	0.5	0.888889	1	0.526316	0.72973	0.6675	0.278195	0.8125	0.581152	0.185185	0.307263	0.75	0.250696	0.541401	0	0	0.903226	0.266667	0.15625	0.666667	0.772372	1	1
0.221825	0.538462	0.111111	0	0.421812	0.567568	0.4175	0.362406	0.5625	0.162304	0.259259	0.148045	0.863077	0.32312	0.640127	0.3125	0	0.967742	0.266667	0.0625	0.666667	0.772372	1	1
0.221825	0.538462	0.888889	0.364014	0.157895	0.567568	0.585	0.28797	0.458333	0.21466	0.222222	0.148045	0.863077	0.32312	0.640127	0	0	0.580645	0.166667	0.0625	0.666667	0.669563	1	1
0.216855	1	0.111111	0	0.315789	0.567568	0.4175	0.43609	0.520833	0.581152	0.259259	0	0.980769	0.32312	0.808917	0	0	0.645161	0.333333	0.15625	0.666667	0.576021	1	1
0.216855	1	0.888889	0	0.105263	0.567568	0.375	0.43609	0.3125	0.581152	0.259259	0	0.980769	0.32312	0.808917	0	0	0.645161	0.333333	0.15625	0.666667	0.576021	1	1
0.221825	0.5	0.111111	0	0.105263	0.918919	0.4175	0.360902	0.854167	0.581152	0.351852	0	0.788462	0.598886	0.493631	0	0	0.887097	0.333333	0.15625	0.666667	0.482769	1	1
0.195104	0.961538	0.111111	0	0.421053	0.918919	0.335	0.330827	0.3125	0.581152	0.092593	0.156425	0.933077	0.406685	0.538217	0	0	0.919355	0.366667	0.0625	0.666667	0.576021	1	1
0.223022	0.961538	0.888889	0	0.421053	0.918919	0.335	0.368421	0.395833	0.581152	0.111111	0.156425	0.933077	0.406685	0.538217	0	0	0.870968	0.233333	0.0625	0.666667	0.576021	1	1
0.221825	0.5	0.888889	0	0.157895	0.918919	0.1675	0.323308	0.770833	0.581152	0.259259	0.013966	0.788462	0.32312	0.640127	0	0	0.806452	0.333333	0.15625	0.666667	0.482769	1	1
0.221886	0.846154	0.888889	0	0.315789	0.783784	0.25	0.315789	0.645833	0.424084	0.148148	0.122905	0.705769	0.4039	0.573248	0.125	0	0.645161	0.433333	0.0625	0.666667	0.669563	1	1
0.221886	0.846154	0.111111	0	0.315789	0.783784	0.1675	0.360902	0.395833	0.633508	0.12963	0.134078	0.705769	0.51532	0.436306	0.1875	0	0.645161	0.233333	0.0625	0.666667	0.669563	1	1
0.176481	0.961538	0.111111	0	0.315789	0.162162	0.25	0.210526	0.458333	0.581152	0.074074	0	0.588462	0.576602	0.519108	0.3125	0	1	0.6	0.15625	0.2	0.392992	1	1
0.199613	0.5	0.888889	0	0.421053	0.189189	0.25	0.285714	0.395833	0.581152	0.259259	0	0.853846	0.495822	0.611465	0	0	0.806452	0.333333	0.0625	0.333333	0.482769	1	1
0.199613	0.5	0.111111	0	0.421053	0.189189	0.25	0.360902	0.5625	0.47644	0.222222	0	0.853846	0.370474	0.754777	0	0	0.806452	0.333333	0.0625	0.333333	0.482769	1	1
0.211977	0	0.666667	1	0.631579	0.513514	0.335	0.285714	0.270833	0.47644	0.814815	0.094972	0.615385	0.440111	0.566879	0	0	0.322581	0.133333	0.53125	0.666667	0.578338	1	1
0.211977	0	0.111111	1	0.684211	0.513514	0.335	0.323308	0.479167	0.47644	0.722222	0	0.615385	0.598886	0.493631	0	0	0.967742	0.166667	0.53125	0.666667	0.578338	1	1
0.369115	0.423077	0.888889	0	0.315789	0.513514	0.25	0.330075	0.666667	0.790576	0.275914	0.03352	0.653846	0.476323	0.595541	0	0	0.806452	0.2	0.375	0.2	0.578338	1	1
0.178598	0.5	0.111111	0	0.315789	0.081081	0.4175	0.360902	0.729167	0.47644	0.166667	0.030726	0.730769	0.356546	0.738854	0	0	0.806452	0.333333	0.0625	0.2	0.482769	1	1
0.176497	0.538462	0.888889	1	0.263158	0.513514	0.4175	0.24812	0.479167	0.790576	0.074074	0.304469	0.923077	0.370474	0.407643	0	0	0.806452	0.133333	0.0625	0.666667	0.578338	1	1
0.176497	0.538462	0.111111	1	0.578947	0.513514	0.335	0.255639	0.520833	0.559796	0.296296	0.293296	0.923077	0.32312	0.471338	0	0	0.806452	0.166667	0.0625	0.666667	0.482769	1	1
0.199629	0.961538	0.111111	0	0.421053	0.540541	0.4175	0.285714	0.375	0.581152	0.166667	0	0.884615	0.523677	0.579618	0	0	0.645161	0.766667	0.0625	0.2	0.384303	1	1
0.176481	0.961538	0.888889	0	0.315789	0.351351	0.4175	0.285714	0.520833	0.790576	0.351852	0	0.661538	0.509749	0.595541	0	0	0.483871	0.5	0.125	0.2	0.482769	1	1
0.176481	0.961538	0.111111	0	0.315789	0.351351	0.5	0.285714	0.375	0.790576	0.259259	0	0.661538	0.576602	0.519108	0	0	0.806452	1	0.15625	0.2	0.575442	1	1
0.369115	0.423077	0	0	0.631579	0.513514	0.25	0.152632	0.458333	0.790576	0.275914	0.527933	0.653846	0.172702	0.382166	0	0	0.645161	0.2	0.375	0.2	0.482769	1	1
0.369115	0.423077	1	0	0.315789	0.513514	0.335	0.242105	0.625	0.790576	0.275914	0.125698	0.653846	0.423398	0.550955	0	0	0.806452	0.333333	0.375	0.2	0.390096	1	1
0.369115	0	0.111111	0	1	0.513514	0.1675	0.24812	0.520833	0.581152	0.62963	0.061453	0.730769	0.437326	0.624204	0	0	0.967742	0.3	0.375	0.2	0.482769	1	1
0.369115	0.423077	0.444444	0	0.473684	0.513514	0.1675	0.366917	0.25	0.790576	0.275914	0.092179	0.653846	0.4039	0.60828	0	0	0.806452	0.3	0.375	0	0.578338	1	1
0.179657	0.846154	0.888889	0	0.526316	0.351351	0.5	0.345865	0.270833	0.559796	0.259259	0	0.730769	0.495822	0.611465	0.3125	0	0.806452	0.4	0.0625	0.2	0.482769	1	1
0.179657	0.846154	0.111111	0	0.526316	0.351351	0.25	0.323308	0.229167	0.633508	0.259259	0	0.730769	0.456825	0.656051	0.625	0	0.483871	0.333333	0.0625	0.2	0.482769	1	1
0.213036	0.5	0.888889	0	0.315789	0.513514	0.25	0.285714	0.479167	0.581152	0.222222	0	0.692308	0.495822	0.611465	0	0	0.806452	0.4	0.0625	0.2	0.482769	1	1
0.213036	0.5	0.111111	0	0.315789	0.513514	0.4175	0.285714	0.645833	0.581152	0.222222	0	0.692308	0.495822	0.611465	0	0	0.806452	0.4	0.0625	0.2	0.482769	1	1
0.036569	0.730769	0.666667	1	0.315789	0.513514	0.5	0.218045	0.479167	0.559796	0.074074	0.692737	0.711538	0.008357	0.378981	0.1875	0	0.806452	0.266667	0.375	0.666667	0.578338	1	1
0.208756	0.423077	0.555556	1	0.473684	0.72973	0.5	0.285714	0.5625	0.559796	0.275914	0.156425	0.701322	0.423398	0.515924	0	0	0.806452	0.333333	0.21875	0.666667	0.387199	1	1
0.208756	0.423077	0	1	0.473684	0.72973	0.356775	0.285714	0.479167	0.559796	0.275914	0.156425	0.701322	0.423398	0.515924	0	0	0.806452	0.333333	0.21875	0.666667	0.392992	1	1
0.176512	0.5	0.888889	0	0.105263	0.621622	0.75	0.353383	0.5	0.47644	0.259259	0	0.826923	0.598886	0.493631	0.625	0	0.806452	0.333333	0.0625	0.333333	0.193165	1	1
0.176512	0.5	0.111111	0	0.105263	0.621622	0.5	0.383459	0.4375	0.47644	0.259259	0	0.826923	0.495822	0.611465	0.625	0	0.806452	0.333333	0.0625	0.333333	0.193165	1	1
0.212514	0.846154	0.111111	0	0.105263	0.432432	0.4175	0.360902	0.270833	0.633508	0.074074	0	0.865385	0.495822	0.611465	0	0	0.483871	0.2	0.0625	0.333333	0.578338	1	1
0.212514	0.846154	0.888889	0	0.105263	0.432432	0.5	0.360902	0.395833	0.685864	0.166667	0.53352	0.865385	0.047354	0.515924	0.1875	0	0.387097	0.166667	0.0625	0.333333	0.578338	1	1
0.199675	0.961538	0.888889	0	0.105263	0.621622	0.835	0.285714	0.854167	0.581152	0.259259	0	0.884615	0.495822	0.611465	0.375	0	0.725806	0.333333	0.0625	0.333333	0.482769	1	1
0.199675	0.961538	0.111111	0	0.105263	0.621622	0.835	0.285714	0.8125	0.581152	0.259259	0	0.884615	0.495822	0.611465	0.375	0	0.967742	0.25	0.0625	0.333333	0.482769	1	1
0.199169	0.5	0.888889	0	0.578947	0.513514	0.75	0.383459	0.6875	0.581152	0.407407	0	0.692308	0.598886	0.525478	0	0	0.935484	0.366667	0.15625	0.333333	0.482769	1	1
0.199169	0.5	0.111111	0	0.642105	0.513514	0.25	0.285714	0.520833	0.581152	0.407407	0	0.692308	0.495822	0.611465	0	0	0.645161	0.333333	0.15625	0.333333	0.482769	1	1
0.036569	0.730769	0.111111	0.364014	0.315789	0.513514	0.356775	0.255639	0.583333	0.559796	0.074074	0.606145	0.711538	0.069638	0.407643	0	0	0.806452	0.266667	0.375	0.603877	0.570929	1	1
0.174211	0.423077	0	0	0.526316	0.486486	0.4175	0.360902	0.166667	0.581152	0.275914	0.441341	0.5	0.236769	0.404459	0	0	0.806452	0.333333	0	0.333333	0.294526	1	1
0.174211	0.423077	0.555556	0	0.526316	0.486486	0.4175	0.398496	0.6875	0.581152	0.275914	0.315642	0.5	0.292479	0.480892	0	0	0.806452	0.233333	0	0.333333	0.482769	1	1
0.229863	0.5	0.888889	0	0.684211	0.540541	0.5	0.210526	0.604167	0.581152	0.259259	0.363129	0.653846	0.250696	0.477707	0	0	0.935484	0.3	0.1875	0.333333	0.482769	1	1
0.229863	0.5	0.111111	0	0.631579	0.540541	0.4175	0.135338	0.604167	0.581152	0.222222	0.382682	0.653846	0.222841	0.487261	0	0	0.967742	0.266667	0.1875	0.333333	0.482769	1	1
0.212207	0.5	0.888889	0.364014	0.421812	0.675676	0.356775	0.323308	0.479167	0.559796	0.259259	0.363129	0.673077	0.370474	0.33758	0	0	0.887097	0.333333	0.15625	0.603877	0.570929	1	1
0.227547	0.5	0.111111	0.364014	0.421812	0.675676	0.356775	0.285714	0.4375	0.47644	0.333333	0.418994	0.673077	0.250696	0.414013	0	0	0.806452	0.333333	0.15625	0.603877	0.570929	1	1
0.19969	0.846154	0.555556	1	0.526316	0.621622	0.4175	0.360902	0.448941	0.685864	0.148148	0	0.846154	0.495822	0.611465	0	0	0.387097	0.2	0.0625	0.8	0.301767	1	1
0.19969	0.846154	0.111111	1	0.526316	0.621622	0.5	0.323308	0.375	0.633508	0.148148	0	0.846154	0.495822	0.611465	0	0	0.483871	0.2	0.0625	0.8	0.482769	1	1
0.177064	0.961538	0.888889	1	0.315789	0.324324	0.1675	0.285714	0.375	0.581152	0.166667	0	0.807692	0.559889	0.538217	0	0	0.774194	0.366667	0.15625	0.666667	0.392992	1	1
0.036631	0.730769	0.111111	1	0.421053	0.324324	0.1675	0.210526	0.479167	0.581152	0.074074	0.502793	0.692308	0.111421	0.477707	0	0	0.806452	0.266667	0.375	0.666667	0.392992	1	1
0.369131	0	0.111111	0	0.315789	0.567568	0.4175	0.398496	0.479167	0.559796	0.537037	0.567039	0.538462	0.089137	0.429936	0	0	0.967742	0.2	0.375	0.333333	0.482769	1	1
0.369131	0	0.666667	1	0.105263	0.567568	0.75	0.360902	0.270833	0.559796	0.814815	0.608939	0.538462	0.122563	0.343949	0	0	0.967742	0.3	0.375	0.666667	0.390096	1	1
0.210827	0.5	0.888889	0	0.263158	0.567568	0.4175	0.210526	0.520833	0.47644	0.222222	0	0.653846	0.495822	0.611465	0.125	0	0.806452	0.166667	0.375	0.333333	0.482769	1	1
0.369131	0.423077	0.444444	1	0.526316	0.567568	0.5	0.255639	0.354167	0.581152	0.275914	0.209497	0.538462	0.356546	0.531847	0	0.666667	0.774194	0.266667	0.375	0.666667	0.390096	1	1
0.369131	0.423077	0	1	0.684211	0.567568	0.9175	0.195489	0.333333	0.581152	0.275914	0.122905	0.538462	0.325905	0.665605	0	0	0.645161	0.166667	0.375	0.666667	0.390096	1	1
0.179074	0.846154	0.888889	1	0.105263	0.567568	0.1675	0.263158	0.625	0.685864	0.074074	0	0.826923	0.495822	0.611465	0.75	0	0.483871	0.2	0.0625	0.666667	0.390096	1	1
0.179074	0.846154	0.111111	0	0.315789	0.567568	0.5	0.308271	0.604167	0.633508	0.296296	0	0.826923	0.495822	0.611465	0.75	0	0.709677	0.266667	0.0625	0.333333	0.482769	1	1
0.369131	0.423077	1	1	0.631579	0.567568	0.6675	0.285714	0.625	0.581152	0.275914	0	0.480769	0.598886	0.493631	0	0	0.806452	0.333333	0.375	0.666667	0.390096	1	1
0.369131	0.423077	0.888889	1	0.631579	0.567568	0.6675	0.285714	0.75	0.581152	0.275914	0	0.480769	0.598886	0.493631	0	0	0.806452	0.333333	0.375	0.666667	0.390096	1	1
0.208679	0	0.111111	0	0.736842	0.486486	0.4175	0.511278	0.958333	0.47644	0.62963	0.617318	0.615385	0	0.474522	0	0	0.967742	0.233333	0.375	0.333333	0.633362	1	1
0.208679	0	0.666667	0	0.684211	0.486486	0.585	0.24812	0.270833	0.47644	0.777778	0.564246	0.615385	0.027855	0.503185	0.1875	0	0.967742	0.333333	0.375	0.333333	0.633362	1	1
0.193938	0	0.666667	1	0.789474	0.702703	0.4175	0.210526	0.583333	0.581152	0.62963	0.097765	0.638462	0.440111	0.563694	0.125	0	0.967742	0.333333	0.125	0.666667	0.301767	1	1
0.193938	0	0.111111	0	0.842105	0.702703	0.585	0.270677	0.479167	0.267016	0.537037	0.544693	0.638462	0.038997	0.512739	0	0	0.967742	0.333333	0.125	0.333333	0.633362	1	1
0.178629	1	0.111111	1	0.526316	0.702703	0.335	0.225564	0.645833	0.790576	0.240741	0	0.903846	0.32312	0.808917	0.08246	0	0.806452	0.366667	0.0625	0.666667	0.301767	1	1
0.178629	1	1	0	0.526316	0.702703	0.5	0.135338	0.3125	0.790576	0.462963	0	0.903846	0.495822	0.611465	0.08246	0	0.645161	0.333333	0.0625	0.333333	0.633362	1	1
0.181835	0.730769	0.111111	0	0.421053	0.702703	0.6675	0.210526	0.4375	0.581152	0.074074	0.715084	0.807692	0.047354	0.308917	0	0	0.806452	0.266667	0.0625	0.333333	0.633362	1	1
0.181835	0.730769	0.666667	0	0.526316	0.702703	0.5	0.142857	0.270833	0.581152	0.166667	0.606145	0.807692	0.019499	0.464968	0.3125	0	0.806452	0.266667	0.0625	0.333333	0.633362	1	1
0.176512	0.961538	0.111111	0	0.157895	0.513514	0.335	0.323308	0.4375	0.790576	0.166667	0	0.730769	0.495822	0.611465	0.625	0	0.806452	0.166667	0.0625	0.333333	0.288734	1	1
0.176512	0.961538	0.888889	0	0.157895	0.513514	0.9175	0.323308	0.4375	0.790576	0.166667	0	0.730769	0.495822	0.611465	0.625	0	0.451613	0.266667	0.0625	0.333333	0.575442	1	1
0.199813	0.961538	0.888889	1	0.315789	0.513514	0.1675	0.285714	0.3125	0.581152	0.351852	0	0.961538	0.487465	0.621019	0	0	0.677419	0.366667	0.0625	0.666667	0.482769	1	1
0.199813	0.961538	0.111111	1	0.315789	0.513514	0.585	0.285714	0.4375	0.581152	0.074074	0	0.961538	0.559889	0.538217	0	0	0.806452	0.233333	0.0625	0.666667	0.482769	1	1
0.199813	0.846154	0.888889	0	0.421053	0.513514	0.1675	0.285714	0.479167	0.633508	0.074074	0	0.769231	0.495822	0.611465	0	0	0.483871	0.2	0.15625	0.333333	0.804228	1	1
0.181866	1	0.111111	0	0.315789	0.513514	0.6675	0.300752	0.645833	0.685864	0.275914	0.164804	0.884615	0.236769	0.719745	0.5	0	0.806452	0.333333	0.15625	0.333333	0.804228	1	1
0.181866	1	0.888889	0	0.315789	0.513514	0.5	0.263158	0.6875	0.685864	0.275914	0	0.884615	0.32312	0.808917	0.25	0	0.967742	0.366667	0.15625	0.333333	0.804228	1	1
0.000153	0.538462	0.111111	0	0.684211	0.513514	0.585	0.37594	0.458333	0.371728	0.12963	0.530726	0.576923	0.183844	0.363057	0.3125	0	0.967742	0.333333	0.125	0.333333	0.288734	1	1
0.208679	0	0.111111	0	0.736842	0.486486	0.5	0.398496	0.645833	0.581152	0.722222	0.617318	0.596154	0	0.474522	0	0	0.967742	0.266667	0.375	0.333333	0.630466	1	1
0.000153	0.538462	0.888889	0	0.631579	0.513514	0.4175	0.345865	0.458333	0.371728	0.259259	0.346369	0.576923	0.292479	0.449045	0	0	0.967742	0.166667	0.125	0.333333	0.288734	1	1
0.208679	0	0.666667	0	0.736842	0.486486	0.4175	0.263158	0.270833	0.581152	0.62963	0.564246	0.596154	0.027855	0.503185	0.1875	0	0.967742	0.333333	0.375	0.333333	0.804228	1	1
0.21233	0.538462	0.111111	0	0.421053	0.486486	0.4175	0.300752	0.4375	0.790576	0.275914	0.371508	0.826923	0.278552	0.436306	0.125	0	0.806452	0.366667	0.0625	0.333333	0.804228	1	1
0.21233	0.538462	0.888889	0	0.210526	0.486486	0.335	0.263158	0.479167	0.790576	0.275914	0.153631	0.826923	0.406685	0.538217	0	0	0.806452	0.133333	0.0625	0.333333	0.804228	1	1
0.175684	0.538462	0.888889	0	0.421812	0.513514	0.5	0.43609	0.770833	0.162304	0.185185	0	0.730769	0.440111	0.675159	0	0	0.806452	0.3	0.0625	0.333333	0.482769	1	1
0.175684	0.538462	0.111111	1	0.421812	0.513514	0.1675	0.210526	0.479167	0.21466	0.333333	0.094972	0.730769	0.440111	0.566879	0	0	0.806452	0.433333	0.0625	0.666667	0.676803	1	1
0.177095	1	0.111111	0	0.105263	0.405405	0.1675	0.330827	0.5625	0.790576	0.275914	0	0.923077	0.495822	0.611465	0.25	0	0.806452	0.3	0.15625	0.333333	0.390096	1	1
0.177095	1	0.888889	0	0.105263	0.405405	0.5	0.345865	0.729167	0.790576	0.275914	0	0.923077	0.487465	0.611465	0.125	0	0.967742	0.466667	0.15625	0.333333	0.390096	1	1
0.210704	0	0.666667	0	0.421053	0.405405	0.1675	0.24812	0.270833	0.581152	0.481481	0.148045	0.653846	0.32312	0.640127	0	0	0.967742	0.266667	0.375	1	0.482769	1	1
0.210704	0	0.111111	0	0.315789	0.405405	0.335	0.172932	0.375	0.581152	0.537037	0	0.653846	0.495822	0.611465	0	0	0.967742	0.2	0.375	0.333333	0.482769	1	1
0.036708	0.730769	0.666667	0	0.526316	0.405405	0.1675	0.37594	0.375	0.581152	0.166667	0.092179	0.711538	0.387187	0.630573	0.125	0	0.870968	0.3	0.375	0.333333	0.482769	1	1
0.229725	0	0.666667	0	0.421053	0.513514	0.5	0.270677	0.270833	0.581152	0.62963	0.363129	0.546154	0.370474	0.33758	0	0	0.967742	0.3	0	0.333333	0.682595	1	1
0.229725	0	0.111111	0	0.421053	0.513514	0.25	0.233083	0.208333	0.581152	0.537037	0.343575	0.546154	0.292479	0.449045	0	0	0.967742	0.2	0	0.333333	0.682595	1	1
0.176543	0.5	0.111111	1	0.421053	0.513514	0.335	0.210526	0.6875	0.581152	0.259259	0	0.769231	0.495822	0.611465	0	0	0.967742	0.333333	0.15625	0.666667	0.578338	1	1
0.170806	0.730769	0.666667	0	0.105263	0.513514	0.25	0.345865	0.229167	0.581152	0.166667	0.178771	0.769231	0.339833	0.585987	0.25	0	0.741935	0.266667	0.21875	0.333333	0.682595	1	1
0.175684	0.846154	0.888889	0	0.105263	0.513514	0.9175	0.180451	0.270833	0.633508	0.259259	0	0.769231	0.495822	0.611465	0	0	0.741935	0.3	0.0625	0.333333	0.482769	1	1
0.170806	0.730769	0.111111	0	0.105263	0.513514	0.5	0.421053	0.291667	0.581152	0.166667	0.502793	0.769231	0.111421	0.474522	0	0	0.806452	0.3	0.21875	0.333333	0.682595	1	1
0.175684	0.846154	0.111111	0	0.105263	0.513514	0.085	0.255639	0.270833	0.633508	0.259259	0	0.769231	0.495822	0.611465	0	0	0.483871	0.2	0.0625	0.333333	0.682595	1	1
0.176543	0.538462	0.888889	0	0.421053	0.513514	0.085	0.511278	0.6875	0.371728	0.185185	0.231844	0.721154	0.309192	0.56051	0	0	0.967742	0.333333	0.15625	0.333333	0.682595	1	1
0.176543	0.5	0.888889	0	0.421053	0.513514	0.585	0.285714	0.895833	0.581152	0.314815	0.064246	0.769231	0.440111	0.601911	0	0	0.887097	0.3	0.15625	0.333333	0.682595	1	1
0.229725	0.423077	0	0	0.421053	0.567568	0.4175	0.323308	0.4375	0.581152	0.275914	0.310056	0.519231	0.4039	0.359873	0	0	0.709677	0.3	0	0.333333	0.482769	1	1
0.229725	0.423077	0.444444	1	0.421053	0.567568	0.25	0.360902	0.145833	0.581152	0.275914	0.310056	0.519231	0.4039	0.359873	0	0	0.806452	0.166667	0	0.666667	0.578338	1	1
0.170484	1	0.111111	0	0.421053	0.567568	0.5	0.278195	0.583333	0.790576	0.259259	0.48324	0.615385	0.197772	0.401274	0	0	0.903226	0.333333	0.375	0.333333	0.482769	1	1
0.170484	1	1	0	0.105263	0.567568	0.585	0.263158	0.541667	0.790576	0.259259	0.301676	0.615385	0.356546	0.429936	0	1	0.83871	0.4	0.375	0.333333	0.482769	1	1
0.177095	1	0.111111	0	0.684211	0.594595	0.585	0.308271	0.5625	0.790576	0.259259	0.530726	0.923077	0.183844	0.359873	0	0	0.967742	0.333333	0.15625	0.666667	0.301767	1	1
0.177095	1	1	0	0.684211	0.594595	0.356775	0.225564	0.4375	0.790576	0.259259	0.293296	0.923077	0.32312	0.471338	0	0	0.806452	0.333333	0.15625	0.666667	0.301767	1	1
0.036769	0.730769	0.666667	1	0.684211	0.432432	0.5	0.300752	0.270833	0.47644	0.166667	0.310056	0.711538	0.264624	0.522293	0.1875	0	0.806452	0.266667	0.1875	0	0.482769	1	1
0.036769	0.730769	0.111111	1	0.684211	0.432432	0.335	0.330827	0.5	0.581152	0.166667	0.273743	0.711538	0.222841	0.611465	0	0	0.870968	0.2	0.1875	0	0.482769	1	1
0.229679	0.846154	0.111111	0	0.315789	0.540541	1	0.315789	0.479167	0.633508	0.259259	0.284916	0.923077	0.278552	0.535032	0	0	0.548387	0.233333	0.0625	1	0.301767	1	1
0.229679	0.846154	0.888889	0	0.421053	0.540541	0.4175	0.368421	0.520833	0.581152	0.259259	0	0.923077	0.495822	0.611465	0	0	0.645161	0.266667	0.0625	1	0.301767	1	1
0.174242	0.423077	0	1	0.315789	0.513514	0.4175	0.285714	0.270833	0.559796	0.275914	0.27933	0.701322	0.250696	0.573248	0	0	0.806452	0.266667	1	0	0.482769	1	1
0.174242	0.423077	0.444444	0	0.368421	0.513514	0.4175	0.285714	0.270833	0.559796	0.275914	0.374302	0.576923	0.197772	0.525478	0.125	0	0.806452	0.333333	1	1	0.301767	1	1
0.169134	0	0.666667	0	0.578947	0.540541	0.5	0.210526	0.270833	0.47644	0.722222	0.22067	0.615385	0.45961	0.396178	0.25	0	0.967742	0.266667	0.375	1	0.301767	1	1
0.169134	0	0.111111	0	0.578947	0.540541	0.75	0.210526	0.479167	0.559796	0.722222	0.276536	0.615385	0.236769	0.592357	0	0	0.967742	0.166667	0.375	1	0.301767	1	1
0.369115	0	0.666667	1	0.736842	0.405405	0.25	0.24812	0.270833	0.581152	0.537037	0.435754	0.634615	0.133705	0.525478	0.125	0	0.806452	0.333333	0.375	0.666667	0.482769	1	1
0.369146	0.538462	0.111111	0	0.736842	0.405405	0.335	0.278195	0.645833	0.267016	0.296296	0.28771	0.653846	0.292479	0.512739	0.3125	0	0.967742	0.433333	0.375	0.666667	0.578338	1	1
0.369115	0	0.111111	0	0.736842	0.405405	0.4175	0.24812	0.0625	0.581152	0.444444	0.530726	0.634615	0.183844	0.359873	0	0	0.806452	0.333333	0.375	0.666667	0.578338	1	1
0.369146	0.538462	0.888889	0	0.842105	0.405405	0.335	0.285714	0.604167	0.162304	0.222222	0.293296	0.653846	0.32312	0.471338	0.125	0	0.806452	0.2	0.375	0.666667	0.578338	1	1
0.369146	0.423077	0.444444	1	0.631579	0.324324	0.585	0.135338	0.270833	0.559796	0.275914	0.393855	0.615385	0.264624	0.423567	0	0	0.806452	0.166667	0.375	0.333333	0.663771	1	1
0.369146	0.423077	0	1	0.842105	0.324324	0.585	0.06015	0.229167	0.559796	0.275914	0	0.615385	0.495822	0.611465	0	0	0.903226	0.266667	0.375	0.333333	0.663771	1	1
0.369146	0.423077	1	1	0.631579	0.324324	0.25	0.323308	0.354167	0.559796	0.275914	0	0.615385	0.598886	0.493631	0	0	0.806452	0.333333	0.375	0.333333	0.663771	1	1
0.369146	0.423077	0.888889	0	0.631579	0.324324	0.1675	0.210526	0.291667	0.559796	0.275914	0	0.615385	0.598886	0.493631	0	0	0.806452	0.233333	0.375	0.666667	0.201853	1	1
0.369146	0.538462	0.888889	0	0.842105	0.675676	0.335	0.24812	0.479167	0.162304	0.407407	0.441341	0.730769	0.236769	0.401274	0	0	0.935484	0.233333	0.375	0.666667	0.578338	1	1
0.369146	0.538462	0.111111	0	0.736842	0.675676	0.335	0.210526	0.395833	0.267016	0.259259	0.28771	0.730769	0.292479	0.512739	0.3125	0	0.83871	0.366667	0.375	0.666667	0.578338	1	1
0.179687	0.846154	0.111111	0	0.368421	0.351351	0.1675	0.360902	0.270833	0.633508	0.351852	0	0.788462	0.715877	0.359873	0.125	0	0.548387	0.333333	0.0625	0.666667	0.295975	0	1
0.179687	0.846154	0.888889	0	0.368421	0.351351	0.1675	0.285714	0.395833	0.685864	0.259259	0.100559	0.788462	0.534819	0.452229	0	0	0.806452	0.333333	0.0625	0.666667	0.295975	0	1
0.207667	0.961538	0.888889	1	0.210526	0.351351	0.25	0.24812	0.395833	0.581152	0.074074	0	0.855769	0.598886	0.493631	0.25	0	0.870968	0.4	0.15625	0.666667	0.663771	0	1
0.207667	0.961538	0.111111	1	0.210526	0.351351	0.4175	0.24812	0.354167	0.581152	0.074074	0	0.855769	0.598886	0.493631	0.25	0	0.645161	0.4	0.15625	0.666667	0.663771	0	1
0.176573	0.5	0.888889	0	0.105263	0.351351	0.25	0.285714	0.645833	0.581152	0.351852	0.215084	0.701322	0.465181	0.401274	0	0	0.903226	0.266667	0.0625	0.666667	0.482769	0	1
0.036815	0.730769	0.111111	1	0.473684	0.378378	0.75	0.24812	0.645833	0.47644	0.166667	0.963687	0.769231	0.069638	0	0	0	0.806452	0.233333	0.375	0.666667	0.395019	0	1
0.369146	0.423077	0	1	0.736842	0.351351	0.585	0.210526	0.395833	0.790576	0.275914	0.156425	0.615385	0.406685	0.535032	0	0	0.806452	0.233333	0.375	0.666667	0.395019	0	1
0.369146	0.423077	0.444444	1	0.736842	0.351351	0.6675	0.360902	0.3125	0.790576	0.275914	0.424581	0.615385	0.100279	0.579618	0	0.666667	0.677419	0.233333	0.375	0.666667	0.395019	0	1
0.230385	0	0.666667	1	0.368421	0.459459	0.5	0.421053	0.479167	0.47644	0.444444	0	0.653846	0.370474	0.754777	0.1875	0	0.967742	0.333333	0.1875	0.666667	0.697075	1	1
0.230385	0	0.111111	0	0.368421	0.459459	0.25	0.511278	0.270833	0.47644	0.537037	0	0.653846	0.495822	0.611465	0	0	0.967742	0.233333	0.1875	0.666667	0.57327	1	1
0.233161	0	0.666667	1	0.736842	0.297297	0.5	0.312996	0.479167	0.47644	0.62963	0.346369	0.535	0.292479	0.449045	0.125	0	0.870968	0.333333	0.328125	0.666667	0.896612	1	1
0.233161	0	0.111111	1	0.736842	0.297297	0.5	0.312996	0.270833	0.47644	0.62963	0.530726	0.535	0.183844	0.359873	0	0	0.870968	0.233333	0.328125	0.666667	0.896612	1	1
0.176129	0.538462	0.888889	1	0.210526	0.405405	0.4175	0.210526	0.354167	0.162304	0.222222	0	0.961538	0.495822	0.611465	0	0	0.806452	0.233333	0.0625	0.666667	0.896612	1	1
0.176129	0.538462	0.111111	1	0.315789	0.405405	0.4175	0.135338	0.354167	0.162304	0.166667	0	0.961538	0.495822	0.611465	0.125	0	0.806452	0.166667	0.0625	0.666667	0.896612	1	1
0.177126	0.961538	0.111111	1	0.105263	0.486486	0.5	0.210526	0.583333	0.581152	0.259259	0.418994	0.880769	0.250696	0.414013	0	0	0.645161	0.5	0.15625	0.666667	0.792644	1	1
0.177126	0.961538	0.888889	1	0.105263	0.486486	0.4175	0.285714	0.479167	0.581152	0.259259	0.418994	0.880769	0.250696	0.414013	0	0	0.806452	0.333333	0.15625	0.666667	0.792644	1	1
0.179718	0.846154	0.111111	1	0.105263	0.513514	0.5	0.383459	0.479167	0.633508	0.259259	0	0.807692	0.529248	0.573248	0.1875	0	0.806452	0.4	0.0625	0.666667	0.896612	1	1
0.179718	0.846154	0.888889	1	0.105263	0.513514	0.356775	0.278195	0.3125	1	0.259259	0.100559	0.807692	0.534819	0.449045	0.09375	0	0.806452	0.4	0.0625	0.666667	0.896612	1	1
0.201331	1	0.888889	0	0.842105	0.189189	0.25	0.473684	0.895833	0.895288	0.166667	0.488827	0.865385	0.208914	0.382166	0	0	0.806452	0.333333	0.375	0.666667	0.482769	1	1
0.201331	1	0.111111	0	0.842105	0.189189	0.1675	0.43609	0.479167	0.790576	0.111111	0.418994	0.865385	0.250696	0.414013	0.0625	0	0.806452	0.333333	0.375	0.666667	0.482769	1	1
0.369161	0	0.111111	0	0.315789	0.216216	0.1675	0.172932	0.395833	0.581152	0.666667	0.122905	0.663846	0.389972	0.592357	0	0	0.967742	0.333333	0.375	0.666667	0.389227	1	1
0.179104	0.538462	0.888889	0	0.315789	0.216216	0.335	0.390977	0.458333	0.21466	0.351852	0.013966	0.923077	0.51532	0.573248	0.03125	0	0.83871	0.366667	0.21875	0.666667	0.389227	1	1
0.179104	0.538462	0.111111	0	0.315789	0.216216	0.25	0.330827	0.5	0.371728	0.333333	0	0.923077	0.598886	0.493631	0.3125	0	0.773952	0.3	0.21875	0.666667	0.389227	1	1
0.179104	0.538462	0.666667	0	0.263158	0.216216	0.1675	0.345865	0.479167	0.371728	0.296296	0	0.923077	0.598886	0.493631	0.3125	0	0.806452	0.3	0.21875	0.666667	0.389227	1	1
0.176604	0.961538	0.111111	0	0.421053	0.189189	0.335	0.278195	0.375	0.790576	0.166667	0.293296	0.638462	0.32312	0.474522	0	0	0.806452	0.333333	0.0625	0.666667	0.531132	1	1
0.176604	0.961538	0.888889	0	0.421053	0.189189	0.1675	0.210526	0.479167	0.559796	0.074074	0.212291	0.701322	0.370474	0.512739	0	0	0.773952	0.329018	0.0625	0.666667	0.531132	1	1
0.201347	1	0.111111	0	0.421053	0.216216	0.1675	0.360902	0.479167	0.581152	0.259259	0.086592	0.846154	0.278552	0.761146	0	0	0.806452	0.433333	0.21875	0.666667	0.579207	1	1
0.201347	1	0.888889	0	0.526316	0.216216	0.1675	0.323308	0.3125	0.581152	0.259259	0.142458	0.846154	0.267409	0.710191	0	0	0.806452	0.433333	0.21875	0.666667	0.389227	1	1
0.179764	0.538462	0	0	0.157895	0.324324	0.335	0.368421	0.645833	0.21466	0.222222	0	0.841923	0.598886	0.493631	0	0	0.774194	0.266667	0.0625	0.666667	0.482769	1	1
0.179764	0.538462	0.111111	0	0.157895	0.324324	0.1675	0.661654	0.458333	0.21466	0.240741	0	0.841923	0.476323	0.633758	0.3125	0	0.806452	0.416667	0.0625	0.666667	0.482769	1	1
0.180102	0.538462	0.111111	0	0.947368	0.216216	0.4175	0.518797	0.4375	0.371728	0.222222	0.402235	0.817308	0.197772	0.493631	0.3125	0	0.967742	0.3	0.15625	0.666667	0.482769	1	1
0.180102	0.538462	0.888889	0	0.947368	0.216216	0.25	0.360902	0.416667	0.637696	0.222222	0.444134	0.817308	0.153203	0.496815	0.1875	0	0.564516	0.2	0.15625	0.666667	0.482769	1	1
0.179764	0.538462	0.888889	0	0.315789	0.324324	0.1675	0.400752	0.4375	0.633508	0.148148	0	0.841923	0.495822	0.611465	0	0	0.645161	0.266667	0.0625	0.666667	0.482769	1	1
0.036922	0.730769	0.111111	1	0.421053	0.162162	0.1675	0.285714	0.4375	0.581152	0.074074	0.407821	0.692308	0.208914	0.474522	0	0	0.806452	0.333333	0.1875	0.666667	0.482769	1	1
0.176619	0.961538	0.111111	0	0.421053	0.189189	0.1675	0.210526	0.375	0.790576	0.074074	0.312849	0.692308	0.278552	0.503185	0.5	0	0.806452	0.333333	0.21875	0.666667	0.482769	1	1
0.176619	0.961538	0.888889	1	0.421053	0.189189	0.5	0.210526	0.375	0.790576	0.074074	0	0.692308	0.498607	0.60828	0.5	0	0.967742	0.666667	0.21875	0.666667	0.482769	1	1
0.201362	1	0.111111	0	0.421053	0.162162	0.5	0.345865	0.4375	0.790576	0.444444	0	0.884615	0.598886	0.493631	0.25	0	0.806452	0.466667	0.21875	0.666667	0.482769	1	1
0.201362	1	0.888889	0	0.421053	0.162162	0.1675	0.255639	0.354167	0.790576	0.296296	0.586592	0.884615	0.183844	0.299363	0.25	0	0.806452	0.366667	0.21875	0.666667	0.389227	1	1
0.036968	0.730769	0.666667	0	0.421053	0.189189	0.6675	0.270677	0.3125	0.47644	0.074074	0	0.692308	0.495822	0.611465	0	0	0.806452	0.3	0.1875	0.666667	0.663771	1	1
0.211149	0.5	0.888889	0	0.526316	0.189189	0.335	0.360902	0.645833	0.581152	0.314815	0.321229	0.634615	0.309192	0.458599	0	0	0.806452	0.333333	0.3125	0.666667	0.663771	1	1
0.036968	0.730769	0.111111	0.364014	0.526316	0.189189	0.585	0.323308	0.333333	0.47644	0.074074	0.100559	0.692308	0.534819	0.452229	0	0	0.806452	0.3	0.1875	0.666667	0.663771	1	1
0.183476	0.538462	0.888889	0	0.315789	0.189189	0.1675	0.112782	0.5625	0.371728	0.296296	0	0.673077	0.598886	0.493631	0	0	0.806452	0.3	0.375	0.666667	0.482769	1	1
0.000123	0.730769	0.666667	0	0.315789	0.189189	0.5	0.323308	0.145833	0.47644	0.074074	0.293296	0.596154	0.32312	0.474522	0	0	0.645161	0.2	0.375	0.666667	0.663771	1	1
0.000123	0.730769	0.111111	0	0.315789	0.189189	0.5	0.360902	0.4375	0.47644	0.074074	0	0.596154	0.598886	0.493631	0	0	0.806452	0.333333	0.375	0.666667	0.663771	1	1
0.068261	0	0.111111	0	0.147368	0.189189	0.25	0.360902	0.270833	0.47644	0.555556	0	0.519231	0.534819	0.566879	0	0	0.967742	0.333333	0.1875	0.666667	0.482769	1	1
0.068261	0	0.666667	0	0.147368	0.189189	0.25	0.360902	0.270833	0.47644	0.592593	0	0.519231	0.637883	0.449045	0	0	0.967742	0.333333	0.1875	0.666667	0.482769	1	1
0.16964	0	0.111111	0	0.421053	0.162162	0.335	0.157895	0.270833	0.581152	0.62963	0	0.653846	0.534819	0.566879	0	0	0.967742	0.266667	0.3125	0.666667	0.99971	1	1
0.16964	0	0.666667	0	0.421053	0.162162	0.335	0.157895	0.270833	0.581152	0.62963	0	0.653846	0.637883	0.449045	0	0	0.967742	0.233333	0.3125	0.666667	0.99971	1	1
0.183476	0.538462	0.888889	0.364014	0.210526	0.189189	0.1675	0.323308	0.479167	0.790576	0.185185	0	0.692308	0.598886	0.493631	0.1875	0	0.806452	0.666667	0.375	0.666667	0.482769	1	1
0.036999	0.730769	0.111111	0	0.842105	0.405405	0.1675	0.293233	0.375	0.47644	0.074074	0.530726	0.692308	0.183844	0.363057	0	0	0.870968	0.2	0.1875	0.666667	0.792934	1	1
0.036984	0.730769	0.666667	0	0.631579	0.135135	0.4175	0.293233	0.25	0.47644	0.074074	0.544693	0.557692	0.089137	0.455414	0	0	0.806452	0.3	0.1875	0.666667	0.669563	1	1
0.17665	0.538462	0.888889	0	0.263158	0.135135	0.1675	0.210526	0.479167	0.162304	0.148148	0	0.923077	0.495822	0.611465	0.125	0	0.806452	0.266667	0.0625	0.666667	0.669563	1	1
0.17665	0.538462	0.111111	0	0.263158	0.405405	0.356775	0.323308	0.791667	0.47644	0.185185	0	0.903846	0.598886	0.493631	0.0625	0	0.83871	0.2	0.0625	0.666667	0.669563	1	1
0.17665	0.538462	0.111111	0	0.263158	0.162162	0.356775	0.285714	0.479167	0.371728	0.259259	0	0.922308	0.495822	0.611465	0.5625	0	0.806452	0.233333	0.0625	0.666667	0.669563	1	1
0.177172	0.961538	0.888889	0	0.526316	0.135135	0.4175	0.285714	0.3125	0.581152	0.259259	0	0.858846	0.495822	0.611465	0.5	0	0.483871	0.333333	0.15625	0.666667	0.669563	1	1
0.177172	0.961538	0.111111	0	0.526316	0.135135	0.25	0.285714	0.645833	0.581152	0.259259	0	0.858846	0.495822	0.611465	0.5	0	0.967742	0.333333	0.15625	0.666667	0.669563	1	1
0.178752	1	0.111111	0.364014	0.421053	0.162162	0.1675	0.368421	0.354167	0.790576	0.259259	0	0.692308	0.598886	0.493631	0.0625	0	0.806452	0.4	0.0625	0.666667	0.669563	1	1
0.178752	1	0.888889	0	0.526316	0.162162	0.1675	0.338346	0.479167	0.790576	0.5	0	0.692308	0.598886	0.493631	0.0625	0	0.806452	0.5	0.0625	0.666667	0.669563	1	1
0.178767	0.846154	0.111111	0	0.105263	0.162162	0.5	0.323308	0.354167	0.633508	0.259259	0.069832	0.730769	0.473538	0.557325	0.28125	0	0.612903	0.433333	0.0625	0.666667	0.896322	1	1
0.191514	0.5	0.111111	0	0.315789	0.162162	0.335	0.323308	0.395833	0.581152	0.222222	0.100559	0.673077	0.534819	0.449045	0.25	0	0.967742	0.333333	0.375	0.666667	0.99971	1	1
0.214155	0	0.666667	0	0.736842	0.675676	0.25	0.285714	0.479167	0.581152	0.740741	0.399441	0.530769	0.183844	0.512739	0	0	0.967742	0.333333	0.3125	0.666667	0.668115	1	1
0.026691	0.538462	0.888889	1	0.473684	0.810811	0.1675	0.210526	0.479167	0.371728	0.203704	0.321229	0.663462	0.309192	0.458599	0.1875	0	0.967742	0.3	0.1875	0.666667	0.57327	1	1
0.219831	0.538462	0.111111	0	0.315789	0.621622	0.1675	0.323308	0.5625	0.267016	0.166667	0.251397	0.769231	0.328691	0.515924	0.3125	0	0.967742	0.366667	0.21875	0.666667	0.57327	1	1
0.219831	0.538462	0.888889	0	0.315789	0.621622	0.335	0.285714	0.479167	0.109948	0.275914	0.089385	0.769231	0.356546	0.66879	0	0	0.806452	0.333333	0.21875	0.666667	0.57327	1	1
0.026691	0.538462	0.111111	1	0.473684	0.810811	0.1675	0.338346	0.625	0.162304	0.275914	0.156425	0.663462	0.406685	0.538217	0.1875	0	0.967742	0.283333	0.1875	0.666667	0.57327	1	1
1	0.538462	0.888889	0	0.315789	0.72973	0.1675	0.18797	0.708333	0.267016	0.296296	0.156425	0.884615	0.406685	0.538217	0.125	0	0.806452	0.333333	0.15625	0.666667	0.482769	1	1
1	0.538462	0.111111	0	0.315789	0.72973	0.1675	0.278195	0.479167	0.371728	0.222222	0.094972	0.885769	0.440111	0.566879	0.125	0	0.806452	0.2	0.15625	0.666667	0.482769	1	1
0.216932	0.730769	0.111111	1	0.421053	0.621622	0.1675	0.285714	0.375	0.47644	0.074074	0.293296	0.807692	0.32312	0.471338	0	0	0.806452	0.233333	0.15625	0.666667	0.57327	1	1
0.216932	0.730769	0.666667	1	0.421053	0.621622	0.1675	0.285714	0.3125	0.47644	0.166667	0.293296	0.807692	0.32312	0.471338	0.3125	0	0.806452	0.266667	0.15625	0.666667	0.57327	1	1
0.038195	0.730769	0.666667	0	0.357895	0.621622	0.25	0.360902	0.4375	0.371728	0.166667	0	0.692308	0.495822	0.611465	0.3125	0	0.806452	0.333333	0.1875	0.666667	0.57327	1	1
0.229019	0	0.111111	0	0.052632	0.162162	0.335	0.479699	0.479167	0.581152	0.62963	0.094972	0.573077	0.440111	0.566879	0	0	0.967742	0.333333	0.21875	0.666667	0.57327	1	1
0.229019	0	0.666667	1	0.210526	0.162162	0.335	0.410526	0.4375	0.581152	0.62963	0.212291	0.573077	0.370474	0.509554	0	0	0.967742	0.333333	0.21875	0.666667	0.676803	1	1
0.214155	0	0.111111	0	0.736842	0.675676	0.1675	0.285714	0.479167	0.581152	0.62963	0.290503	0.530769	0.172702	0.652866	0	0	0.967742	0.333333	0.3125	0.666667	0.671011	1	1
0.026691	0	0.111111	0	0.315789	0.675676	0.1675	0.285714	0.479167	0.47644	0.62963	0	0.538462	0.495822	0.611465	0	0	0.967742	0.2	0.1875	0.666667	0.572546	1	1
0.026691	0	0.666667	0	0.421812	0.675676	0.1675	0.285714	0.479167	0.47644	0.62963	0.184358	0.538462	0.387187	0.525478	0.375	0	0.967742	0.366667	0.1875	0.666667	0.572546	1	1
0.191576	0	0.111111	0	0.421053	0.621622	0.1675	0.43609	0.3125	0.581152	0.275914	0.089385	0.565385	0.356546	0.66879	0	0	0.967742	0.333333	0.1875	0.666667	0.482769	1	1
0.196868	0.846154	0.111111	0	0.315789	0.72973	0.4175	0.368421	0.520833	0.633089	0.259259	0.159218	0.692308	0.440111	0.493631	0.625	0	0.225806	0.166667	0.0625	0.666667	0.671011	1	1
0.196868	0.846154	0.888889	1	0.315789	0.72973	0.25	0.368421	0.4375	0.424084	0.166667	0.153631	0.692308	0.389972	0.557325	0	0	0.516129	0.5	0.0625	0.666667	0.576311	1	1
0.221932	0.846154	0.888889	0	0.421053	0.594595	0.25	0.285714	0.645833	0.424084	0.259259	0.290503	0.730769	0.309192	0.493631	0	0	0.806452	0.6	0.0625	0.666667	0.482769	1	1
0.222009	0.846154	0.111111	1	0.315789	0.648649	0.4175	0.390977	0.583333	0.633508	0.259259	0	0.730769	0.495822	0.611465	0.625	0	0.645161	0.266667	0.0625	0.666667	0.392412	1	1
0.195134	1	0.111111	0	0.210526	0.648649	0.1675	0.368421	0.520833	0.559796	0.222222	0	0.961538	0.495822	0.611465	0	0	0.806452	0.433333	0.0625	0.666667	0.482769	1	1
0.195134	1	0.888889	0	0.210526	0.648649	0.1675	0.368421	0.5625	0.559796	0.259259	0	0.961538	0.389972	0.732484	0	0	0.806452	0.366667	0.0625	0.666667	0.482769	1	1
0.037781	0.730769	0.111111	1	0.631579	0.297297	0.1675	0.43609	0.4375	0.581152	0.074074	0.365922	0.653846	0.264624	0.458599	0	0	0.806452	0.333333	0.1875	0.666667	0.62757	1	2
0.370619	0	0.666667	0	0.526316	0.27027	0.585	0.06015	0.270833	0.581152	0.814815	0	0.634615	0.534819	0.566879	0.09375	0	0.967742	0.333333	0.375	0.666667	0.576021	1	2
0.191729	0.730769	0.111111	1	0.526316	0.405405	0.585	0.210526	0.479167	0.581152	0.444444	0.293296	0.653846	0.32312	0.471338	0	0	0.806452	0.333333	0.3125	0.666667	0.62757	1	2
0.191729	0.730769	0.666667	1	0.526316	0.405405	0.4175	0.285714	0.270833	0.790576	0.259259	0.27933	0.615385	0.250696	0.573248	0	0	0.903226	0.333333	0.3125	0.666667	0.675644	1	2
0.000184	0.730769	0.666667	1	0.315789	0.27027	0.4175	0.24812	0.270833	0.47644	0.166667	0	0.576923	0.51532	0.589172	0	0	0.645161	0.333333	0.375	0.666667	0.482769	1	2
0.370619	0.423077	0.888889	1	0.421812	0.27027	0.25	0.285714	0.625	0.790576	0.275914	0	0.538462	0.598886	0.493631	0	0	0.806452	0.333333	0.375	0.666667	0.576021	1	2
0.195978	0.961538	0.111111	1	0.315789	0.162162	0.1675	0.345865	0.3125	0.790576	0.259259	0	0.769231	0.598886	0.493631	0	0	0.806452	0.333333	0.0625	0.666667	0.697075	1	2
0.21954	0.961538	0.888889	1	0.315789	0.189189	0.1675	0.24812	0.354167	0.790576	0.166667	0.223464	0.807692	0.45961	0.398089	0	0	0.741935	0.233333	0.21875	0.666667	0.697075	1	2
0.21954	0.961538	0.888889	1	0.421053	0.189189	0.1675	0.210526	0.270833	0.790576	0.074074	0.223464	0.711538	0.45961	0.398089	0	0	0.645161	0.233333	0.21875	0.666667	0.697075	1	2
0.215367	1	0.111111	1	0.210526	0.189189	0.356775	0.285714	0.375	0.581152	0.259259	0	0.807692	0.495822	0.611465	0	0	0.645161	0.266667	0.0625	0.666667	0.697075	1	2
0.216548	1	0.111111	0	0.105263	0.27027	0.25	0.43609	0.270833	0.581152	0.351852	0	0.846154	0.495822	0.611465	0	0	0.806452	0.333333	0.15625	0.666667	0.669563	1	2
0.215367	1	0.111111	1	0.315789	0.324324	0.5	0.43609	0.4375	0.581152	0.351852	0	0.923077	0.495822	0.611465	0.25	0	0.806452	0.333333	0.0625	0.666667	0.482769	1	2
0.195901	0.5	0.111111	0	0.421053	0.081081	0.356775	0.285714	0.479167	0.47644	0.259259	0.195531	0.615385	0.476323	0.410828	0	0	0.806452	0.5	0.0625	0.666667	0.576021	1	2
0.1886	0.961538	0.111111	1	0.421053	0.162162	0.5	0.43609	0.4375	0.581152	0	0.393855	0.423077	0.264624	0.426752	0	0	0.806452	0.333333	0.6875	0.666667	0.395019	1	2
0.219279	0.961538	0.111111	1	0.473684	0.162162	0.25	0.398496	0.3125	0.581152	0.074074	0.393855	0.5	0.264624	0.426752	0.25	0	0.806452	0.333333	0.6875	0.666667	0.395019	1	2
0.037873	0.730769	0.666667	1	0.526316	0.297297	0.1675	0.255639	0.0625	0.47644	0.166667	0.293296	0.673077	0.32312	0.471338	0.125	0	0.774194	0.266667	0	0.666667	0.395019	1	2
0.220061	0.961538	0.111111	0	0.315789	0.324324	0.5	1	0.4375	0.685864	0.259259	0.24581	0.807692	0.387187	0.455414	1	0	0.741935	0.333333	0.375	0.666667	0.482769	1	2
0.220061	0.961538	0.888889	0.364014	0.315789	0.324324	0.5425	0.242857	0.395833	0.581152	0	0.201117	0.769231	0.292479	0.611465	0.0625	0	0.870968	0.466667	0.375	0.666667	0.482769	1	2
0.220061	0.961538	0.111111	1	0.421812	0.216216	0.335	0.225564	0.229167	0.581152	0.037037	0	0.769231	0.598886	0.493631	0	0	0.806452	0.4	0.375	0.666667	0.669563	1	2
0.220061	0.961538	0.111111	0	0.421812	0.351351	0.25	0.210526	0.479167	0.581152	0.259259	0	0.769231	0.598886	0.493631	0	0	0.773952	0.329018	0.375	0.666667	0.762815	1	2
0.066666	0.961538	0.111111	1	0.421812	0.135135	0.335	0.390977	0.3125	0.790576	0.185185	0	0.769231	0.598886	0.493631	0	0	0.806452	0.333333	0.375	0.666667	0.669563	1	2
0.220061	0.846154	0.888889	1	0.315789	0.135135	0.5425	0.548872	0.583333	0.424084	0.259259	0	0.730769	0.598886	0.493631	0.25	0	0.580645	0.466667	0.375	0.666667	0.669563	1	2
0.219586	0.538462	0.888889	0	0.505263	0.216216	0.5425	0.24812	0.354167	0.581152	0.12963	0.25419	0.730769	0.440111	0.38535	0.125	0	0.225806	0.066667	0.21875	0.666667	0.576021	1	2
0.037935	0.730769	0.666667	1	0.421053	0.27027	0.356775	0.263158	0.375	0.47644	0.259259	0.418994	0.666923	0.250696	0.414013	0.125	0	0.483871	0.2	0.1875	0.666667	0.576021	1	2
0.03795	0.730769	0.666667	0	0.631579	0.378378	0.335	0.097744	0.270833	0.47644	0.259259	0.156425	0.673077	0.406685	0.538217	0	0	0.806452	0.3	0.1875	0.666667	0.675644	1	2
0.037965	0.730769	0.666667	1	0.368421	0.297297	0.4175	0.210526	0.416667	0.47644	0.481481	0.441341	0.711538	0.236769	0.401274	0.5	0	0.483871	0.266667	0.1875	0.666667	0.482769	1	2
0.215382	1	0	1	0.210526	0.243243	0.1675	0.323308	0.895833	0.685864	0.259259	0	0.846154	0.339833	0.789809	0	0	0	0	0.0625	0.666667	0.482769	1	2
0.195978	0.961538	0.111111	0	0.473684	0.891892	0.6675	0.210526	0.4375	0.581152	0.111111	0	0.730769	0.598886	0.493631	0	0	0.677419	0.566667	0.15625	0.666667	0.57327	1	2
0.190486	0.538462	0.111111	0	0.315789	0.675676	0.25	0.285714	0.4375	0.790576	0.222222	0	0.915385	0.529248	0.573248	0.1875	0	0.806452	0.333333	0.0625	0.666667	0.675644	1	2
0.370649	0.423077	0.888889	0	0.631579	0.540541	0.4175	0.383459	0.895833	0.790576	0.275914	0	0.634615	0.495822	0.611465	0	0	0.773952	0.329018	0.375	0.666667	0.675644	1	2
0.195978	0.5	0.111111	0	0.315789	0.540541	0.75	0.323308	0.729167	0.581152	0.111111	0.268156	0.596154	0.339833	0.484076	0.0625	0	0.935484	0.433333	0.15625	0.666667	0.675644	1	2
0.195978	0.5	0.111111	0	0.315789	0.459459	0.356775	0.360902	0.604167	0.581152	0.185185	0.268156	0.759615	0.339833	0.484076	0.0625	0	0.935484	0.433333	0.15625	0.666667	0.482769	1	2
0.00023	0.730769	0.666667	0	0.368421	0.459459	0.6675	0.203008	0.395833	0.47644	0.166667	0	0.692308	0.250696	0.89172	0	0	0.806452	0.3	0.375	0.666667	0.675644	1	2
0.038042	0.730769	0.666667	0	0.526316	0.567568	0.335	0.300752	0.395833	0.47644	0.166667	0.094972	0.676923	0.440111	0.566879	0.125	0	0.806452	0.266667	0.1875	0.666667	0.57327	1	2
0.038042	0.730769	0.666667	0	0.421053	0.594595	0.335	0.210526	0.395833	0.581152	0.074074	0.094972	0.692308	0.423398	0.585987	0.125	0	0.645161	0.266667	0.1875	0.666667	0.57327	1	2
0.216717	0.5	0.111111	1	0.105263	0.756757	0.4175	0.135338	0.770833	0.790576	0.240741	0	0.692308	0.423398	0.694267	0	0	0.806452	0.333333	0.0625	0.666667	0.772372	1	2
0.219248	0.5	0.111111	1	0.526316	0.675676	0.335	0.180451	0.604167	0.895288	0.222222	0	0.576923	0.643454	0.442675	0	0	0.806452	0.333333	0.15625	0.666667	0.669563	1	2
0.037996	0.730769	0.666667	1	0.631579	0.486486	0.4175	0.225564	0.3125	0.47644	0.166667	0.634078	0.673077	0.125348	0.312102	0.0625	0	0.774194	0.3	0.1875	0.666667	0.57327	1	2
0.219248	0.5	0.111111	0	0.210526	0.567568	0.4175	0.308271	0.479167	0.581152	0.074074	0	0.730769	1	0.035032	0	0	0.806452	0.416667	0.15625	0.666667	0.675644	1	2
0.229387	0.730769	0.666667	1	0.631579	0.567568	0.25	0.285714	0.5625	0.47644	0.166667	0.46648	0.711538	0.309192	0.296178	0.25	0	0.645161	0.2	0.1875	0.666667	0.57327	1	2
0.037935	0.730769	0.666667	0	0.631579	0.378378	0.1675	0.285714	0.4375	0.47644	0.074074	0.477654	0.730769	0.183844	0.420382	0	0	0.806452	0.283333	0.1875	0.666667	0.669563	1	2
0.038027	0.730769	0.666667	0	0.568421	0.783784	0.6675	0.323308	0.520833	0.47644	0.259259	0	0.692308	0.846797	0.210191	0.25	0	0.806452	0.3	0.1875	0.666667	0.57327	1	2
0.190486	0.538462	0.888889	0	0.315789	0.567568	0.25	0.398496	0.458333	0.371728	0.222222	0	0.884615	0.534819	0.566879	0	0	0.806452	0.5	0.0625	0.666667	0.669563	1	2
0.370649	0	0.666667	0	0.526316	0.918919	0.585	0.43609	0.520833	0.581152	0.62963	0	0.653846	0.598886	0.493631	0	0	0.967742	0.333333	0.375	0.666667	0.669563	1	2
0.370649	0.423077	0	0	0.526316	0.891892	0.585	0.165414	0.270833	0.559796	0.275914	0.569832	0.653846	0.147632	0.359873	0	0	0.806452	0.333333	0.375	0.666667	0.669563	1	2
0.218819	0.5	0.888889	1	0.210526	0.891892	0.6675	0.293233	0.6875	0.685864	0.259259	0.167598	0.576923	0.51532	0.398089	0.0625	0	0.806452	0.333333	0.21875	0.666667	0.682305	1	2
0.22184	0.846154	0.111111	0	0.421812	0.837838	0.1675	0.285714	0.520833	0.633508	0.259259	0.195531	0.730769	0.476323	0.410828	0.3125	0	0.806452	0.3	0.0625	0.666667	0.57327	1	2
0.228528	0.538462	0.888889	0	0.421053	0.810811	0.4175	0.383459	0.4375	0.581152	0.296296	0.094972	0.653846	0.440111	0.566879	0.25	0	0.806452	0.333333	0.1875	0.666667	0.669563	1	2
0.19156	0.538462	0.111111	0	0.315789	0.891892	0.4175	0.210526	0.645833	0.581152	0.296296	0	0.67	0.529248	0.573248	0.1875	0	0.806452	0.333333	0.375	0.666667	0.57327	1	2
0.217193	0.846154	0.888889	0	0.315789	0.783784	0.1675	0.398496	0.520833	0.424084	0.259259	0.064246	0.730769	0.45961	0.579618	0	0	0.419355	0.266667	0.0625	0.666667	0.669563	1	2
0.214186	0.5	0.111111	0	0.315789	0.810811	0.335	0.37594	0.458333	0.47644	0.259259	0	0.576923	0.598886	0.493631	0.25	0	0.806452	0.333333	0.3125	0.666667	0.669563	1	2
0.229326	0.423077	0	0	0.526316	0.837838	0.25	0.360902	0.625	0.790576	0.275914	0.310056	0.588462	0.406685	0.359873	0	0	0.806452	0.333333	0.1875	0.666667	0.482769	1	2
0.219739	0.5	0.888889	1	0.210526	0.72973	0.6675	0.24812	0.770833	0.790576	0.351852	0	0.730769	0.62117	0.468153	0	0	0.806452	0.333333	0.21875	0.666667	0.682305	1	2
0.190517	0.846154	0.111111	0	0.315789	0.72973	0.356775	0.360902	0.479167	0.633508	0.444444	0	0.865385	0.598886	0.493631	0	0	0.806452	0.233333	0.0625	0.666667	0.772372	1	2
0.219739	0.961538	0.888889	0	0.368421	0.621622	0.6675	0.285714	0.395833	0.790576	0.074074	0.150838	0.769231	0.370474	0.579618	0	0	0.806452	0.333333	0.21875	0.666667	0.579207	1	2
0.370665	0.423077	0.888889	0	0.526316	0.783784	0.25	0.511278	0.145833	0.790576	0.275914	0	0.5	0.598886	0.493631	0	0	0.967742	0.333333	0.375	0.666667	0.669563	1	2
0.370665	0.423077	1	0	0.526316	0.783784	0.1675	0.360902	0.604167	0.581152	0.275914	0	0.5	0.495822	0.60828	0	0	0.806452	0.333333	0.375	0.666667	0.669563	1	2
0.228528	0.538462	0.111111	0	0.736842	0.837838	0.1675	0.24812	0.583333	0.162304	0.275914	0	0.701322	0.590529	0.503185	0	0	0.806452	0.333333	0.1875	0.666667	0.669563	1	2
0.369115	0.538462	0.888889	0	0.473684	0.756757	0.4175	0.390977	0.5625	0.371728	0.203704	0.578212	0.692308	0.008357	0.509554	0.3125	0	0.83871	0.1	0.375	0.2	0.387199	1	2
0.369115	0.538462	0.888889	0	0.526316	0.405405	0.4175	0.24812	0.5625	0.162304	0.148148	0.578212	0.576923	0.008357	0.509554	0	0	0.967742	0.2	0.375	0.2	0.578338	1	2
0.369115	0.423077	0	0	0.526316	0.351351	0.25	0.135338	0.479167	0.790576	0.275914	0.527933	0.653846	0.172702	0.382166	0	0	0.870968	0.2	0.375	0.2	0.482769	1	2
0.174288	0.5	0.888889	1	0.568421	0.513514	0.9175	0.360902	0.520833	0.685864	0.111111	0.441341	0.346154	0.236769	0.404459	0	0	0.806452	0.333333	0.6875	0.666667	0.387199	1	2
0.20874	0.5	0	1	0.526316	0.675676	0.4175	0.210526	0.375	0.47644	0.314815	0	0.769231	0.674095	0.407643	0	0	0	0	0.21875	0.666667	0.392992	1	2
0.178307	0.538462	0.888889	0	0.421053	0.378378	0.1675	0.360902	0.3125	0.267016	0.407407	0.418994	0.634615	0.250696	0.414013	0	0	0.806452	0.066667	0.3125	0.2	0.392992	1	2
0.211962	0.423077	0.444444	0	0.736842	0.216216	0.585	0.285714	0.770833	0.790576	0.275914	0.265363	0.576923	0.32312	0.506369	0	0.666667	0.806452	0.333333	0.375	0.333333	0.482769	1	2
0.036447	0.730769	0.666667	1	0.473684	0.162162	0.5	0.511278	0.354167	0.371728	0.259259	0.494413	0.730769	0.089137	0.512739	0.125	0	0.806452	0.333333	0.375	0.2	0.482769	1	2
0.211962	0	0.111111	0	0.473684	0.459459	0.335	0.233083	0.854167	0.581152	0.722222	0.326816	0.615385	0.339833	0.417197	0	0	0.967742	0.333333	0.375	0.2	0.482769	1	2
0.369115	0	0.666667	0	0.526316	0.459459	0.1675	0.210526	0.479167	0.581152	0.814815	0.122905	0.653846	0.387187	0.595541	0	0	0.806452	0.333333	0.375	0.2	0.482769	1	2
0.369115	0.538462	0.111111	0	0.736842	0.405405	0.4175	0.285714	0.3125	0.581152	0.259259	0.444134	0.653846	0.089137	0.566879	0.0625	0	0.967742	0.166667	0.375	0.2	0.482769	1	2
0.211977	0	0.111111	0.364014	0.526316	0.810811	0.356775	0.43609	0.895833	0.47644	0.666667	0.156425	0.634615	0.4039	0.538217	0	0	0.967742	0.2	0.53125	0.603877	0.570929	1	2
0.169548	0.730769	0.666667	0	0.578947	0.72973	0.75	0.24812	0.791667	0.581152	0.074074	0	0.75	0.495822	0.611465	0	0	0.645161	0.333333	0.3125	0.333333	0.482769	1	2
0.211977	0	0.111111	0	0.526316	0.567568	0.1675	0.233083	1	0.581152	1	0	0.615385	0.4039	0.71656	0	0	0.967742	0.333333	0.53125	0.333333	0.482769	1	2
0.211778	0	0.666667	0	0.526316	0.648649	0.585	0.135338	0.729167	0.47644	0.611111	0	0.5	0.495822	0.611465	0	0	0.967742	0.366667	0.375	0.333333	0.482769	1	2
0.212775	0.423077	0.555556	0	0.526316	0.648649	0.6675	0.285714	0.6875	0.581152	0.275914	0	0.576923	0.495822	0.611465	0	0	0.806452	0.333333	0.375	0.333333	0.482769	1	2
0.036615	0.730769	0.666667	0	0.631579	0.378378	0.25	0.330827	0.479167	0.790576	0.259259	1	0.75	0.019499	0.015924	0.0625	0	0.870968	0.333333	0.375	0.466667	0.482769	1	2
0.169533	0.5	0.111111	0	0.842105	0.378378	0.5	0.172932	0.520833	0.47644	0.259259	0	0.519231	0.75766	0.312102	0.0625	0	0.806452	0.333333	0.3125	0.466667	0.575442	1	2
0.211778	0	0.111111	0	0.842105	0.810811	0.6675	0.210526	0.895833	0.581152	0.444444	0.195531	0.461538	0.476323	0.410828	0	0	0.806452	0.333333	0.375	0.333333	0.482769	1	2
0.169533	0.5	0.888889	0	0.842105	0.621622	0.6675	0.285714	0.354167	0.47644	0.296296	0	0.692308	0.45961	0.652866	0.0625	0	0.806452	0.333333	0.3125	0.466667	0.575442	1	2
0.173751	0.538462	0.888889	1	0.789474	0.324324	0.085	0.43609	0.375	0.581152	0.259259	0.399441	0.653846	0.183844	0.512739	0	0	0.967742	0.166667	0.375	0.666667	0.392992	1	2
0	0.730769	0.666667	0.364014	0.526316	0.648649	0.5	0.24812	0.291667	0.47644	0.074074	0.310056	0.634615	0.4039	0.359873	0	0	0.806452	0.333333	0.375	0.603877	0.570929	1	2
0.210827	0.5	0.111111	0	0.736842	0.621622	0.5	0.293233	0.75	0.790576	0.166667	0	0.634615	0.420613	0.378981	0	0	0.806452	0.333333	0.375	0.333333	0.482769	1	2
0.210827	0.5	0.111111	0	0.526316	0.621622	0.585	0.172932	0.895833	0.581152	0.351852	0	0.673077	0.4039	0.71656	0.1875	0	0.870968	0.166667	0.375	0.333333	0.482769	1	2
0.177064	0.961538	0.111111	1	0.421053	0.540541	0.1675	0.210526	0.333333	0.581152	0.259259	0	0.807692	0.559889	0.538217	0	0	0.806452	0.266667	0.15625	0.666667	0.390096	1	2
0.208679	0.538462	0.111111	1	0.736842	0.567568	0.4175	0.360902	0.625	0.47644	0.185185	0.293296	0.557692	0.264624	0.541401	0.1875	0	0.967742	0.433333	0.375	0.666667	0.301767	1	2
0.175684	0.538462	0.888889	0	0.421812	0.432432	0.085	0.360902	0.375	0.371728	0.259259	0	0.692308	0.495822	0.611465	0	0	0.677419	0.333333	0.0625	0.333333	0.482769	1	2
0.17553	0.538462	0.111111	0	0.210526	0.540541	0.9175	0.285714	0.270833	0.371728	0.296296	0	0.75	0.495822	0.611465	0	0	0.806452	0.433333	0.0625	0.333333	0.482769	1	2
0.175684	0.538462	0.111111	0	0.210526	0.540541	0.25	0.285714	0.270833	0.371728	0.351852	0	0.769231	0.495822	0.611465	0	0	0.806452	0.5	0.0625	0.333333	0.482769	1	2
0.230415	0.5	0	1	0.473684	0.378378	0.585	0.285714	0.5625	0.581152	0.222222	0.061453	0.615385	0.370474	0.684713	0	0	0.967742	0.3	0.1875	0	0.717347	1	2
0.176573	0.5	0	0	0.210526	1	0.585	0.300752	0.3125	0.790576	0.37037	0	0.846154	0.674095	0.407643	0	0	0.806452	0.333333	0.0625	0.666667	0.297422	0	2
0.176573	0.5	0	0	0.210526	0.567568	0.335	0.285714	0.270833	0.790576	0.314815	0	0.903846	0.674095	0.407643	0	0	0.806452	0.333333	0.0625	0.666667	0.301767	0	2
0.179611	0.538462	0.111111	0.364014	0.421812	0.297297	0.356775	0.360902	0.3125	0.371728	0.296296	0	0.643462	0.495822	0.611465	0	0	0.806452	0.5	0.0625	0.603877	0.570929	0.959032	2
0.176573	0.5	0	0	0.315789	0.675676	0.1675	0.323308	0.333333	0.581152	0.222222	0	0.711538	0.674095	0.407643	0	0	0.903226	0.333333	0.0625	0.666667	0.482769	0	2
0.176573	0.5	0	0	0.315789	0.378378	0.335	0.210526	0.520833	0.47644	0.259259	0	0.826923	0.674095	0.407643	0.0625	0	0.806452	0.3	0.0625	0.666667	0.301767	0	2
0.201822	0.5	0	0	0.631579	0.405405	0	0.210526	0.479167	0.47644	0.296296	0.223464	0.769231	0.529248	0.318471	0	0	0.806452	0.3	0.21875	0.666667	0.295975	0	2
0.201822	0.5	0	0	0.631579	0.351351	0.585	0.24812	0.395833	0.371728	0.259259	0.223464	0.769231	0.529248	0.318471	0	0	0.806452	0.333333	0.21875	0.666667	0.295975	0	2
0.03683	0.730769	0.666667	0	0.631579	0.405405	0.335	0.43609	0.666667	0.790576	0.111111	0.290503	0.634615	0.309192	0.493631	0.046875	0	0.806452	0.366667	0.1875	0.666667	0.295975	0	2
0.201822	0.538462	0.111111	1	0.631579	0.405405	0.1675	0.43609	0.4375	0.162304	0.296296	0.27095	0.730769	0.311978	0.512739	0	0	0.967742	0.3	0.21875	0.666667	0.395019	0	2
0.201822	0.538462	0.888889	1	0.473684	0.459459	0.4175	0.300752	0.395833	0.581152	0.259259	0.488827	0.653846	0.214485	0.375796	0	0	0.806452	0.266667	0.21875	0.666667	0.896901	1	2
0.201822	0.5	0.888889	1	0.473684	0.486486	0.4175	0.285714	0.3125	0.581152	0.166667	0.614525	0.576923	0.13649	0.321656	0	0	0.806452	0.266667	0.21875	0.666667	0.896901	1	2
0.201822	0.5	0.111111	1	0.473684	0.621622	0.5	0.210526	0.583333	0.581152	0.222222	0.460894	0.692308	0.208914	0.414013	0	0	0.806452	0.166667	0.21875	0.666667	0.896901	1	2
0.201822	0.538462	0.111111	0	0.631579	0.351351	0.25	0.511278	0.395833	0.162304	0.148148	0.27933	0.615385	0.529248	0.254777	0	0	0.967742	0.3	0.21875	0.666667	0.295975	0	2
0.232824	0.730769	0.666667	1	0.105263	0.459459	0.5	0.398496	0.479167	0.47644	0.444444	0	0.692308	0.476323	0.633758	0.0625	0	0.806452	0.133333	0.21875	0.666667	0.697075	1	2
0.036861	0.730769	0.666667	1	0.473684	0.513514	0.4175	0.210526	0.166667	0.47644	0.166667	0.449721	0.576923	0.100279	0.550955	0.25	0	0.806452	0.333333	0.1875	0.666667	0.896612	1	2
0.1834	0.538462	0.888889	0	0.210526	0.216216	0.585	0.135338	0.375	0.581152	0.275914	0	0.769231	0.598886	0.493631	0	0	0.806452	0.366667	0.0625	0.666667	0.482769	1	2
0.036892	0.730769	0.666667	0	0.578947	0.216216	0.335	0.285714	0.291667	0.581152	0.222222	0.206704	0.576923	0.339833	0.55414	0	0	0.806452	0.333333	0.1875	0.666667	0.433536	1	2
0.201331	1	0.111111	0	0.842105	0.216216	0.1675	0.360902	0.4375	0.581152	0.259259	0.335196	0.807692	0.147632	0.627389	0	0	0.645161	0.333333	0.375	0.666667	0.482769	1	2
0.177141	0.5	0.888889	0	0.263158	0.216216	0.1675	0.360902	0.395833	0.73822	0.275914	0	0.838462	0.598886	0.493631	0.125	0	0.935484	0.4	0.15625	0.666667	0.389227	1	2
0.199705	0.5	0.111111	0.364014	0.421812	0.189189	0.356775	0.368421	0.333333	0.47644	0.259259	0	0.769231	0.582173	0.512739	0	0	0.903226	0.333333	0.0625	0.603877	0.570929	0.959032	2
0.1834	0.538462	0.888889	0	0.210526	0.216216	0.585	0.135338	0.375	0.581152	0.275914	0	0.769231	0.598886	0.493631	0	0	0.806452	0.366667	0.0625	0.666667	0.482769	1	2
0.1834	0.538462	0.888889	0	0.210526	0.189189	0.4175	0.353383	0.4375	0.267016	0.296296	0	0.826923	0.598886	0.493631	0	0	0.548387	0.3	0.0625	0.666667	0.531132	1	2
0.177141	0.5	0.111111	0	0.315789	0.216216	0.25	0.323308	0.583333	0.581152	0.166667	0.131285	0.769231	0.476323	0.484076	0	0	0.806452	0.333333	0.15625	0.666667	0.389227	1	2
0.177141	0.5	0.111111	0	0.315789	0.216216	0.335	0.451128	0.4375	0.73822	0.275914	0.027933	0.838462	0.481894	0.595541	0.125	0	0.774194	0.266667	0.15625	0.666667	0.389227	1	2
0.037214	0.730769	0.666667	0	0.526316	0.216216	0.335	0.43609	0.3125	0.47644	0.259259	0.399441	0.615385	0.183844	0.512739	0	0	0.806452	0.333333	0.1875	0.666667	0.389227	1	2
0.037382	0.730769	0.666667	1	0.526316	0.189189	0.1675	0.43609	0.333333	0.319372	0.074074	0.51676	0.692308	0.147632	0.417197	0.125	0	0.806452	0.333333	0.1875	0.666667	0.482769	1	2
0.179104	0.538462	0.888889	0	0.315789	0.432432	0.25	0.285714	0.270833	0.162304	0.148148	0.013966	0	0.51532	0.573248	0	0	0.967742	0.333333	0.21875	0.666667	0.482769	1	2
0.183415	0.5	0	0	0.157895	0.216216	0.1675	0.135338	0.479167	0.581152	0.222222	0	0.576923	0.598886	0.493631	0	0	0	0	0.0625	0.666667	0.482769	1	2
0.369161	0	0.666667	0	0.315789	0.27027	0.25	0.180451	0.6875	0.581152	0.537037	0	0.533077	0.598886	0.493631	0	0	0.967742	0.233333	0.375	0.666667	0.389227	1	2
0.369161	0	0.666667	0	0.315789	0.189189	0.1675	0.285714	0.166667	0.581152	0.722222	0	0.634615	0.598886	0.493631	0	0	0.806452	0.333333	0.375	0.666667	0.389227	1	2
0.174901	0.730769	0.666667	0	0.526316	0.216216	0.335	0.210526	0.354167	0.47644	0.074074	0.061453	0.692308	0.423398	0.624204	0	0	0.967742	0.333333	0.3125	0.666667	0.392268	1	2
0.183415	0.5	0.888889	0	0.526316	0.324324	0.1675	0.37594	0.354167	0.581152	0.222222	0.301676	0.769231	0.345404	0.43949	0	0	0.806452	0.433333	0.0625	0.666667	0.482769	1	2
0.183415	0.5	0.111111	0	0.526316	0.324324	0.335	0.360902	0.729167	0.581152	0.351852	0	0.692308	0.752089	0.318471	0.0625	0	0.83871	0.4	0.0625	0.666667	0.482769	1	2
0.183415	0.5	0.111111	0	0.157895	0.27027	0.25	0.210526	0.770833	0.47644	0.166667	0	0.692308	0.715877	0.359873	0	0	0.677419	0.333333	0.0625	0.666667	0.482769	1	2
0.172094	0.5	0	1	0.315789	0.324324	0.335	0.285714	0.645833	0.371728	0.333333	0	0.653846	0.598886	0.493631	0	0	0	0	0.0625	0.666667	0.482769	1	2
0.369161	0	0.111111	1	0.315789	0.297297	0.4175	0.285714	0.270833	0.581152	0.62963	0	0.692308	0.359332	0.767516	0	0	0.806452	0.333333	0.375	0.666667	0.482769	1	2
0.369161	0	0.666667	1	0.315789	0.405405	0.25	0.210526	0.270833	0.581152	0.537037	0	0.692308	0.534819	0.566879	0	0	0.806452	0.333333	0.375	0.666667	0.482769	1	2
0.211149	0.5	0.111111	0	0.526316	0.189189	0.4175	0.43609	0.645833	0.581152	0.259259	0	0.615385	0.598886	0.175159	0.3125	0	0.83871	0.333333	0.3125	0.666667	0.663771	1	2
0.211149	0.5	0.111111	0	0.526316	0.189189	0.25	0.285714	0.6875	0.790576	0.351852	0	0.634615	0.4039	0.71656	0	0	0.806452	0.333333	0.3125	0.666667	0.482769	1	2
0.23132	0.5	0.111111	0	0.421053	0.216216	0.4175	0.661654	0.5625	0.47644	0.314815	0.161469	0.461538	0.407759	0.527632	0	0	0.806452	0.166667	0.375	0.666667	0.663771	1	2
0.178736	0.846154	0.111111	0	0.421053	0.189189	0.4175	0.285714	0.270833	0.633508	0.444444	0	0.576923	0.495822	0.611465	0.1875	0	0.645161	0.333333	0.0625	0.666667	0.482769	1	2
0.036999	0.730769	0.666667	0	0.894737	0.405405	0.085	0.398496	0.333333	0.685864	0.074074	0.505587	0.692308	0.183844	0.39172	0	0	0.806452	0.266667	0.1875	0.666667	0.792934	1	2
0.231336	0.5	0.888889	1	0.421053	0.675676	0.4175	0.360902	0.645833	0.581152	0.314815	0	0.576923	0.440111	0.675159	0	0	0.935484	0.366667	0.375	0.666667	0.576021	1	2
0.183476	0.538462	0.111111	0	0.357895	0.189189	0.335	0.24812	0.4375	0.790576	0.222222	0	0.692308	0.576602	0.519108	0	0	0.806452	0.666667	0.375	0.666667	0.482769	1	2
0.231336	0.5	0.111111	0	0.421053	0.135135	0.4175	0.360902	0.666667	0.47644	0.111111	0	0.5	0.529248	0.573248	0.0625	0	0.806452	0.333333	0.375	0.666667	0.669563	1	2
0.231336	0.5	0.111111	0	0.421053	0.189189	0.335	0.210526	0.666667	0.581152	0.185185	0	0.557692	0.495822	0.611465	0.0625	0	0.806452	0.333333	0.375	0.666667	0.576021	1	2
0.191514	0.5	0.888889	0	0.315789	0.513514	0.4175	0.270677	0.625	0.559796	0.240741	0	0.384615	0.495822	0.611465	0	0	0.935484	0.333333	0.375	0.666667	0.669563	1	2
0.231336	0.5	0.888889	0	0.421053	0.189189	0.585	0.360902	0.541667	0.47644	0.259259	0	0.75	0.495822	0.611465	0	0	0.806452	0.333333	0.375	0.666667	0.669563	1	2
0.385958	0.5	0.111111	1	0.778947	0.459459	0.75	0.285714	0.4375	0.581152	0.222222	0.164804	0.538462	0.495822	0.423567	0.25	0	0.806452	0.266667	0.375	0.666667	0.576021	1	2
0.17665	0.538462	0.111111	0	0.263158	0.189189	0.1675	0.360902	0.270833	0.267016	0.222222	0	0.923077	0.495822	0.611465	0.1875	0	0.967742	0.266667	0.0625	0.666667	0.669563	1	2
0.191514	0.5	0.111111	0	0.315789	0.513514	0.335	0.827068	0.416667	0.47644	0.296296	0.174581	0.384615	0.424791	0.493631	0	0	0.967742	0.4	0.375	0.666667	0.669563	1	2
0.037766	0.730769	0.111111	1	0.568421	0.459459	0.335	0.360902	0.4375	0.581152	0.259259	0.393855	0.480769	0.264624	1	0	0	0.967742	0.3	0.1875	0.666667	0.576021	1	2
0.214155	0	0.666667	1	0.421053	0.72973	0.25	0.285714	0.395833	0.581152	0.62963	0	0.576923	0.495822	0.611465	0	0	0.967742	0.4	0.3125	0.666667	0.576166	1	2
0.190548	0.846154	0.111111	0.364014	0.315789	0.621622	0.1675	0.43609	0.375	0	0.259259	0	0.730769	0.495822	0.611465	0	0	0.83871	0.466667	0.0625	0.666667	0.576166	1	2
0.214416	0.538462	0.111111	1	0.368421	0.324324	0.1675	0.37594	0.4375	0.581152	0.259259	0	0.807692	0.423398	0.694267	0	0	0.806452	0.4	0.15625	0.666667	0.772372	1	2
0.247887	0.5	0.111111	0	0.315789	0.891892	0.1675	0.270677	0.6875	0.790576	0.259259	0	0.553846	0.495822	0.611465	0	0	0.806452	0.333333	0.375	0.666667	0.573414	1	2
0.219831	0.538462	0.111111	0	0.315789	0.675676	0.1675	0.285714	0.583333	0.790576	0.166667	0.192737	0.807692	0.362117	0.544586	0	0	0.806452	0.4	0.21875	0.666667	0.573414	1	2
0.245233	0.538462	0.111111	1	0.526316	0.810811	0.356775	0.360902	0.479167	0.371728	0.222222	0.349162	0.596154	0.250696	0.493631	0	0	0.806452	0.5	0.1875	0.666667	0.669563	1	2
0.245233	0.538462	0.888889	0	0.526316	0.675676	0.335	0.360902	0.4375	0.371728	0.222222	0.125698	0.584615	0.334262	0.636943	0	0	0.806452	0.5	0.1875	0.666667	0.662323	1	2
0.217039	0.5	0.111111	0	0.315789	0.756757	0.25	0.345865	0.479167	0.581152	0.259259	0.293296	0.769231	0.32312	0.474522	0	0	0.967742	0.333333	0.15625	0.666667	0.763684	1	2
0.221963	0.5	0.888889	0	0.315789	0.675676	0.1675	0.24812	0.583333	0.790576	0.351852	0	0.480769	0.495822	0.611465	0.15625	0	0.483871	0.333333	0.0625	0.666667	0.482769	1	2
0.228927	0.5	0.111111	0	0.315789	0.918919	0.1675	0.24812	0.395833	0.47644	0.111111	0	0.480769	0.495822	0.611465	0.0625	0	0.806452	0.333333	0.21875	0.666667	0.482769	1	2
0.221963	0.5	0.111111	0	0.421053	0.702703	0.1675	0.210526	0.854167	0.581152	0.259259	0	0.615385	0.495822	0.611465	0.125	0	0.774194	0.3	0.0625	0.666667	0.482769	1	2
0.228943	0.538462	0.888889	0	0.631579	0.702703	0.375	0.736842	0.4375	0.790576	0.222222	0	0.576923	0.495822	0.611465	0.1875	0	0.806452	0.233333	0.21875	0.666667	0.482769	1	2
0.214416	0.538462	0.888889	1	0.368421	0.459459	0.1675	0.360902	0.520833	0.581152	0.259259	0	0.826923	0.495822	0.611465	0	0	0.806452	0.333333	0.15625	0.666667	0.772372	1	2
0.171956	0.538462	0.111111	1	0.526316	0.324324	0.1675	0.285714	0.479167	0.47644	0.222222	0	0.673077	0.501393	0.605096	0	0	0.322581	0.333333	0.3125	0.666667	0.2479	1	2
0.372153	0.538462	0.111111	0	0.421812	0.243243	0.1675	0.233083	0.4375	0.162304	0.296296	0	0.634615	0.440111	0.675159	0.1875	0	0.806452	0.833333	0.375	0.666667	0.482769	1	2
0.372153	0.538462	0.111111	1	0.421812	0.216216	0.1675	0.300752	0.4375	0.581152	0.296296	0.22905	0.576923	0.278552	0.598726	0.125	0	0.870968	0.6	0.375	0.666667	0.663771	1	2
0.372153	0.538462	0.111111	1	0.631579	0.243243	0.1675	0.285714	0.270833	0.47644	0.222222	0.22905	0.653846	0.278552	0.598726	0	0	0.806452	0.666667	0.375	0.666667	0.482769	1	2
0.19696	0.538462	0.111111	0	0.315789	0.081081	0.356775	0.398496	0.583333	0.47644	0.259259	0.120112	0.730769	0.339833	0.652866	0	0	0.967742	0.333333	0.0625	0.666667	0.573414	1	2
0.19696	0.538462	0.111111	0	0.315789	0.135135	0.356775	0.338346	0.583333	0.21466	0.203704	0.120112	0.788462	0.339833	0.652866	0.0625	0	0.806452	0.5	0.0625	0.666667	0.573414	1	2
0.19696	0.538462	0.111111	1	0.315789	0.135135	0.4175	0.278195	0.375	0.47644	0.222222	0.120112	0.769231	0.339833	0.652866	0.25	0	0.806452	0.5	0.0625	0.666667	1	1	2
0.038502	0.730769	0.666667	1	0.315789	0.324324	0.1675	0.24812	0.583333	0.581152	0.166667	0.293296	0.711538	0.32312	0.474522	0.125	0	0	0	0.1875	0.666667	0.772372	1	2
0.215183	0.730769	0.111111	1	0.315789	0.378378	0.4175	0.43609	0.375	0.47644	0.259259	0	0.615385	0.495822	0.611465	0	0	0.806452	0.216667	0.15625	0.666667	0.760788	1	2
0.191576	0	0.666667	1	0.473684	0.621622	0.21	0.142857	0.270833	0.559796	0.722222	0.27933	0.638462	0.250696	0.573248	0	0	0.935484	0.333333	0.1875	0.666667	0.392412	1	2
0.098204	0.538462	0.111111	0	0.526316	0.135135	0.1675	0.300752	0.4375	0.790576	0.148148	0	0.711538	0.495822	0.611465	0	0	0.935484	0.366667	0.375	0.666667	0.573414	1	2
0.191468	0	0.111111	1	0.315789	0.810811	0.1675	0.285714	0.479167	0.47644	0.62963	0.290503	0.630769	0.172702	0.649682	0.0625	0	0.967742	0.5	0.125	0.666667	0.573414	1	2
0.22296	0.846154	0.111111	0	0.105263	0.430765	0.4175	0.43609	0.4375	0.633508	0.259259	0	0.653846	0.495822	0.611465	0	0	0.806452	0.4	0.0625	0.666667	0.663771	1	2
0.172294	0.846154	0.888889	0	0.105263	0.135135	0.1675	0.210526	0.333333	0.424084	0.259259	0	0.692308	0.495822	0.611465	0	0	0	0	0.0625	0.666667	0.482769	1	2
0.214155	0	0.666667	1	0.526316	0.72973	0.335	0	0.479167	0.559796	0.62963	0	0.603846	0.495822	0.611465	0	0	0.967742	0.333333	0.3125	0.666667	0.576311	1	2
0.191576	0	0.666667	0	0.421053	0.756757	0.335	0.285714	0.479167	0.581152	0.62963	0	0.565385	0.495822	0.611465	0.125	0	0.967742	0.333333	0.1875	0.666667	0.482769	1	2
0.191468	0	0.666667	1	0.263158	0.810811	0.1675	0.360902	0.479167	0.47644	0.62963	0.184358	0.630769	0.387187	0.525478	0.1875	0	0.967742	0.333333	0.125	0.666667	0.573414	1	2
0.176006	0.730769	0.666667	0	0.315789	0.108108	0.1675	0.285714	0.541667	0.47644	0.259259	0	0.769231	0.476323	0.633758	0.0625	0	0.806452	0.2	0.21875	0.666667	0.482769	1	2
0.176006	0.730769	0.666667	1	0.315789	0.108108	0.1675	0.285714	0.3125	0.267016	0.259259	0	0.769231	0.476323	0.633758	0.0625	0	0.806452	0.1	0.21875	0.666667	0.769476	1	2
0.038226	0.730769	0.111111	0	0.315789	0.648649	0.2925	0.285714	0.479167	0.581152	0.444444	0.371508	0.673077	0.278552	0.436306	0	0	0.709677	0.233333	0.1875	0.666667	0.482769	1	2
0.229449	0.5	0.111111	0	0.105263	0.405405	0.25	0.368421	0.458333	0.47644	0.166667	0.161469	0.538462	0.407759	0.527632	0.08246	0.006357	0.806452	0.333333	0.211727	0.666667	0.65653	1	2
0.002961	0.730769	0.666667	1	0.315789	0.135135	0.4175	0.24812	0.3125	0.47644	0.333333	0.161469	0.623077	0.407759	0.527632	0.08246	0.006357	0.806452	0.433333	0.211727	0.666667	0.540689	1	2
0.176067	0.730769	0.666667	1	0.421053	0.027027	0.356775	0.210526	0.395833	0.47644	0.074074	0.161469	0.653846	0.407759	0.527632	0.08246	0.006357	0.645161	0.3	0.211727	0.666667	0.482769	1	2
0.168336	0.538462	0.888889	0	0.315789	0.135135	0.4175	0.323308	0.375	0.581152	0.166667	0.161469	0.423077	0.407759	0.527632	0.08246	0.006357	0.806452	0.333333	0.211727	0.666667	0.567941	1	2
0.171603	0.846154	0.888889	0	0.210526	0.189189	0.1675	0.285714	0.4375	0.424084	0.444444	0.161469	0.673077	0.407759	0.527632	0.08246	0.006357	0.741935	0.333333	0.211727	0.666667	0.56965	1	2
0.205289	0.5	0.111111	0	0.631579	0.432432	0.2925	0.390977	0.4375	0.371728	0.240741	0.161469	0.692308	0.407759	0.527632	0.08246	0.006357	0.483871	0.333333	0.211727	0.666667	0.482769	1	2
0.172631	0.730769	0.111111	0	0.210526	0.351351	0.335	0.360902	0.3125	0.581152	0.074074	0.161469	0.634615	0.407759	0.527632	0.08246	0.006357	0.483871	0.366667	0.211727	0.666667	0	1	2
0.172616	0.538462	0.111111	0	0.473684	0.405405	0.1675	0.43609	0.270833	0.371728	0.259259	0.161469	0.769231	0.407759	0.527632	0.08246	0.006357	0.709677	0.233333	0.211727	0.666667	0.576166	1	2
0.170514	0.846154	1	1	0.315789	0.459459	0.356775	0.172932	0.583333	0.581152	0.259259	0.161469	0.730769	0.407759	0.527632	0.08246	0.006357	0	0	0.211727	0.666667	0.320591	1	2
0.17507	0.961538	0.111111	1	0.473684	0.486486	0.25	0.43609	0.479167	0.47644	0.074074	0.161469	0.711538	0.407759	0.527632	0.08246	0.006357	0.645161	0.5	0.211727	0.666667	0.647842	1	2
0.17507	0.538462	0.888889	0	0.526316	0.567568	0.4175	0.285714	0.479167	0.109948	0.185185	0.161469	0.75	0.407759	0.527632	0.08246	0.006357	0.806452	0.5	0.211727	0.666667	0.565508	1	2
0.179825	0.846154	0.111111	1	0.631579	0.567568	0.4175	0.736842	0.479167	0.685864	0.351852	0.161469	0.634615	0.407759	0.527632	0.08246	0.006357	0.677419	0.2	0.211727	0.666667	0.482769	1	2
0.179825	0.846154	0.111111	0	0.631579	0.513514	0.4175	0.473684	0.520833	0.633508	0.222222	0.161469	0.615385	0.407759	0.527632	0.08246	0.006357	0.806452	0.333333	0.211727	0.666667	0.567912	1	2
0.17053	0.846154	0.111111	0	0.315789	0.594595	0.4175	0.360902	0.604167	0.633508	0.259259	0.161469	0.653846	0.407759	0.527632	0.08246	0.006357	0.806452	0.333333	0.211727	0.666667	0.567912	1	2
0.175254	0.538462	0	0	0.210526	0.567568	0.335	0.293233	0.5	0.581152	0.296296	0.161469	0.769231	0.407759	0.527632	0.08246	0.006357	0.806452	0.333333	0.211727	0.666667	0.567912	1	2
0.176205	0.730769	0.666667	0	0.526316	0.837838	0.4175	0.270677	0.479167	0.47644	0.259259	0.161469	0.707692	0.407759	0.527632	0.08246	0.006357	0.806452	0.333333	0.211727	0.666667	0.482769	1	2
0.372199	0.5	0.888889	1	0.526316	0.864865	0.4175	0.24812	0.604167	0.581152	0.111111	0.161469	0.5	0.407759	0.527632	0.08246	0.006357	0.806452	0.666667	0.211727	0.666667	0.562989	1	2
0.207498	0.538462	0.111111	0	0.421812	0.72973	0.5	0.24812	0.5625	0.559796	0.12963	0.161469	0.461538	0.407759	0.527632	0.08246	0.006357	0.806452	0.329018	0.211727	0.666667	0.576021	1	2
0.176297	0.730769	0.111111	0	0.421812	0.756757	0.25	0.323308	0.458333	0.47644	0.351852	0.161469	0.676923	0.407759	0.527632	0.08246	0.006357	0.774194	0.333333	0.211727	0.666667	0.663771	1	2
0.182004	0.538462	0.888889	0	0.421812	0.864865	0.4175	0.293233	0.479167	0.581152	0.222222	0.161469	0.684615	0.407759	0.527632	0.08246	0.006357	0.806452	0.333333	0.211727	0.666667	0.663771	1	2
0.176313	0.730769	0.666667	1	0.421812	0.405405	0.5	0.338346	0.520833	0.559796	0.259259	0.161469	0.711538	0.407759	0.527632	0.08246	0.006357	0.773952	0.329018	0.211727	0.666667	0.576021	1	2
0.176313	0.730769	0.666667	1	0.421812	0.675676	0.4175	0.285714	0.520833	0.371728	0.111111	0.161469	0.692308	0.407759	0.527632	0.08246	0.006357	0.806452	0.333333	0.211727	0.666667	0.390096	1	2
0.176313	0.730769	0.666667	1	0.421812	0.675676	0.335	0.270677	0.479167	0.47644	0.166667	0.161469	0.711538	0.407759	0.527632	0.08246	0.006357	0.806452	0.333333	0.211727	0.666667	0.392992	1	2
0.176313	0.730769	0.666667	0.364014	0.421812	0.567568	0.4175	0.218045	0.520833	0.47644	0.444444	0.161469	0.692308	0.407759	0.527632	0.08246	0.006357	0.806452	0.3	0.211727	0.666667	0.392992	1	2
0.207513	0.538462	0.111111	1	0.421812	0.567568	0.585	0.293233	0.4375	0.371728	0.240741	0.161469	0.507692	0.407759	0.527632	0.08246	0.006357	0.806452	0.329018	0.211727	0.666667	0.392992	1	2
0.199629	0.538462	0.111111	1	0.421812	0.324324	0.1675	0.285714	0.583333	0.371728	0.148148	0.161469	0.565385	0.407759	0.527632	0.08246	0.006357	0.580645	0.566667	0.211727	0.666667	0.392992	1	2
0.026691	0.730769	0.666667	1	0.421812	0.540541	0.585	0.323308	0.395833	0.581152	0.259259	0.161469	0.673077	0.407759	0.527632	0.08246	0.006357	0.806452	0.4	0.211727	0.666667	0.392992	1	2
0.207529	0.538462	0.111111	0	0.421812	0.486486	0.4175	0.225564	0.3125	0.790576	0.222222	0.161469	0.615385	0.407759	0.527632	0.08246	0.006357	0.870968	0.5	0.211727	0.666667	0.659427	1	2
0.207529	0.538462	0.111111	0	0.421812	0.108108	0.4175	0.293233	0.291667	0.47644	0.259259	0.161469	0.653846	0.407759	0.527632	0.08246	0.006357	0.806452	0.5	0.211727	0.666667	0.659427	1	2
0.373687	0.538462	0.111111	1	0.421812	0.297297	0.4175	0.43609	0.479167	0.162304	0.166667	0.161469	0.653846	0.407759	0.527632	0.08246	0.006357	0.806452	0.5	0.211727	0	0.995366	0.5	2
0.191161	0.5	0.111111	0	0.421812	0	0.4175	0.37594	0.645833	0.371728	0.222222	0.161469	0.673077	0.407759	0.527632	0.08246	0.006357	0.741935	0.333333	0.211727	0.666667	0.65653	1	2
0.198586	0	0.666667	0	0.421812	0.135135	0.5	0.24812	0.270833	0.581152	0.814815	0.161469	0.480769	0.407759	0.527632	0.08246	0.006357	0.645161	0.5	0.211727	0.666667	0.844773	1	2
0.214846	0	0.666667	1	0.421812	0.108108	0.4175	0.360902	0.3125	0.581152	0.62963	0.161469	0.519231	0.407759	0.527632	0.08246	0.006357	0.806452	0.733333	0.211727	0.666667	0.673907	0.5	2
0.196208	0.5	0.111111	1	0.421812	0.135135	0.4175	0.398496	0.5625	0.47644	0.185185	0.161469	0.601923	0.407759	0.527632	0.08246	0.006357	0.806452	0.333333	0.211727	0.666667	0.673907	0.5	2
0.961559	0.730769	0.666667	0	0.421812	0.243243	0.1675	0.377444	0.354167	0.581152	0.259259	0.161469	0.846154	0.407759	0.527632	0.08246	0.006357	0.903226	0.266667	0.211727	0.666667	0.673907	0.5	2
0.1936	0.538462	0.111111	0	0.421812	0.324324	0.25	0.398496	0.604167	0.162304	0.275914	0.161469	0.673077	0.407759	0.527632	0.08246	0.006357	0.677419	0.7	0.211727	0.666667	0.760788	0.5	2
0.220153	0.846154	0.111111	0	0.421812	0.27027	0.1675	0.43609	0.5625	0.633508	0.203704	0.161469	0.717308	0.407759	0.527632	0.08246	0.006357	0.483871	0.233333	0.211727	0.666667	0.746307	0.5	2
0.373717	0.538462	0.111111	1	0.421812	0.459459	0.1675	0.360902	0.375	0.21466	0.166667	0.161469	0.576923	0.407759	0.527632	0.08246	0.006357	0.806452	0.2	0.211727	0.666667	0.746307	1	2
0.961805	0.538462	0.111111	1	0.421812	0.430765	0.4175	0.285714	0.479167	0.371728	0.259259	0.161469	0.776923	0.407759	0.527632	0.08246	0.006357	0.935484	0.166667	0.211727	0.666667	0.78106	1	2
0.961943	0.961538	0.111111	1	0.421812	0.513514	0.4175	0.398496	0.645833	0.581152	0.166667	0.161469	0.711538	0.407759	0.527632	0.08246	0.006357	0.967742	0.666667	0.211727	0.666667	0.689545	0.5	2
0.373748	0.5	0.111111	1	0.421812	0.567568	0.4175	0.210526	0.708333	0.895288	0.203704	0.161469	0.634615	0.407759	0.527632	0.08246	0.006357	0.967742	0.5	0.211727	0.666667	0.482769	0.5	2
0.21707	0.5	0.111111	1	0.421812	0.405405	0.1675	0.398496	0.354167	0.47644	0.333333	0.161469	0.673077	0.407759	0.527632	0.08246	0.006357	0.83871	0.333333	0.211727	0.666667	0.57327	0.5	2
0.184519	0.538462	0.888889	1	0.421812	0.567568	0.1675	0.43609	0.375	0.581152	0.166667	0.161469	0.615385	0.407759	0.527632	0.08246	0.006357	0.645161	0.333333	0.211727	0.666667	0.57327	0.5	2
0.21707	0.5	0.888889	0	0.421812	0.540541	0.1675	0.43609	0.791667	0.47644	0.203704	0.161469	0.615385	0.407759	0.527632	0.08246	0.006357	0.806452	0.333333	0.211727	0.666667	0.663771	1	2
0.18998	0.730769	0.666667	1	0.421812	0.513514	0.335	0.323308	0.479167	0.581152	0.444444	0.161469	0.769231	0.407759	0.527632	0.08246	0.006357	0.580645	0.433333	0.211727	0.666667	0.689545	0.959032	2
0.740762	0.846154	0.111111	1	0.421812	0.513514	0.356775	0.323308	0.4375	0.633508	0.259259	0.161469	0.807692	0.407759	0.527632	0.08246	0.006357	0.387097	0.333333	0.211727	0.666667	0.397336	1	2
0.962909	1	0.111111	0	0.421812	0.486486	0.356775	0.43609	0.333333	0.581152	0.351852	0.161469	0.807692	0.407759	0.527632	0.08246	0.006357	0.83871	0.433333	0.211727	0.666667	0.867941	1	2
0.233161	1	0.111111	1	0.421812	0.430765	0.356775	0.360902	0.541667	0.559796	0.222222	0.161469	0.923077	0.407759	0.527632	0.08246	0.006357	0.806452	0.333333	0.211727	0.666667	0.844773	1	2
0.233161	1	0.888889	1	0.421812	0.675676	0.356775	0.278195	0.395833	0.790576	0.259259	0.161469	0.961538	0.407759	0.527632	0.08246	0.006357	0.16129	0.166667	0.211727	0.666667	0.844773	1	2
0.962909	0.961538	0.111111	0	0.421812	0.567568	0.4175	0.533835	0.479167	0.790576	0.296296	0.161469	0.730769	0.407759	0.527632	0.08246	0.006357	0.773952	0.329018	0.211727	0.666667	0.772372	1	2
0.962909	0.961538	0.888889	0	0.421812	0.459459	0.356775	0.511278	0.520833	0.790576	0.166667	0.161469	0.723077	0.407759	0.527632	0.08246	0.006357	0.322581	0.333333	0.211727	0.666667	0.844773	1	2
0.230461	0.5	0	0	0.421812	0.430765	0.1675	0.368421	0.395833	0.371728	0.333333	0.161469	0.807692	0.407759	0.527632	0.08246	0.006357	0	0	0.211727	0.666667	0.772372	1	2
0.962924	0.961538	0.111111	0	0.421812	0.430765	0.4175	0.398496	0.270833	0.790576	0.333333	0.161469	0.731923	0.407759	0.527632	0.08246	0.006357	0.870968	0.933333	0.211727	0.666667	0.714451	1	2
0.962924	1	0.111111	0	0.421812	0.297297	0.335	0.390977	0.395833	0.790576	0.333333	0.161469	0.731923	0.407759	0.527632	0.08246	0.006357	0.483871	0.766667	0.211727	0.666667	0.714451	1	2
0.230461	0.5	0	0	0.421812	0.297297	0.1675	0.225564	0.375	0.581152	0.166667	0.161469	0.788462	0.407759	0.527632	0.08246	0.006357	0.806452	0.333333	0.211727	0.666667	0.717347	1	2