0.071344 0.777778 1 1 0.777778 0.666667 1 0.888889 0.666667 0 1
0.073187 0.444444 0.222222 0.222222 0.222222 0.111111 0.222222 0.333333 0.333333 0 1
0.073393 0.777778 0.666667 0.444444 1 0.666667 0.888889 0.444444 0.444444 0.333333 1
0.073622 0.666667 0.333333 0.555556 0.333333 0.555556 0 0.333333 0.222222 0 1
0.073849 1 0.666667 0.666667 0.555556 0.333333 1 0.333333 0 0.111111 1
0.074141 0.666667 0.222222 0.111111 1 0.444444 1 0.444444 0.333333 0.333333 1
0.074142 1 0.444444 0.444444 0.222222 0.555556 0.666667 0.666667 1 0 1
0.074322 0.777778 0.333333 0.444444 0 0.111111 0 0.666667 0.222222 0 1
0.074973 0.444444 0.111111 0.222222 0.333333 0.111111 0.666667 0.222222 0.555556 0 1
0.075455 1 0.666667 0.666667 0.222222 0.777778 0.444444 0.666667 0.333333 0.222222 1
0.076053 1 1 1 0.777778 0.555556 0 0.777778 0.888889 0 1
0.076381 0.444444 0.333333 0.333333 0.888889 0.111111 1 0.444444 0.555556 0 1
0.07688 0.111111 0.444444 0.222222 0.222222 0.555556 0.666667 0.666667 0.444444 0 1
0.077496 1 0.333333 0.222222 0 0.222222 0.222222 0.555556 0.444444 0.111111 1
0.077571 0.555556 1 1 0.111111 0.777778 1 0.666667 0.222222 0.222222 1
0.077724 0.444444 0.555556 0.444444 0.555556 1 0 0.222222 0 0 1
0.077802 1 1 1 0.333333 0.777778 0 0.777778 1 0 1
0.077925 0.222222 0.666667 0.666667 0.333333 0.333333 0.888889 0.333333 0.777778 0 1
0.078042 0.666667 0.777778 0.666667 0.111111 0.333333 0.777778 0.222222 0.777778 0.111111 1
0.078157 0.888889 0.444444 0.777778 0 0.111111 0.222222 0.111111 0 0.444444 1
0.078163 0.444444 0.222222 0.222222 0.333333 0.111111 0.333333 0.222222 0.333333 0 1
0.078286 1 0.222222 0.555556 0.111111 0.222222 0.444444 0.333333 1 0.111111 1
0.078316 0.444444 0.444444 0.444444 0.777778 1 0.777778 0.666667 0.222222 0.666667 1
0.078318 1 0.444444 0.444444 0.555556 0.777778 0.777778 0.666667 0 0 1
0.078372 1 0.555556 0.555556 0.222222 0.333333 0.444444 0.222222 0.555556 0 1
0.078444 0.777778 1 1 0 0.222222 0.555556 0.222222 0.888889 0 1
0.078506 0.777778 0.111111 0.333333 0 0.444444 0 0.444444 0.333333 0.333333 1
0.078539 0.444444 0.111111 0.222222 0 0.555556 1 0.444444 0 0 1
0.07857 0.888889 0.444444 0.444444 0.111111 0.111111 0.111111 0.444444 0 0 1
0.078673 0.444444 0.222222 0.444444 0.444444 0.222222 0.222222 0.333333 1 0 1
0.078735 0.888889 1 1 0 1 0.777778 0.222222 0.222222 0 1
0.078737 0.555556 0.222222 0.333333 0 0.444444 0.111111 0.222222 0.888889 0 1
0.078801 1 0.333333 0.111111 0 0.222222 0.111111 0.333333 0.222222 1 1
0.078879 0.444444 0.222222 0.333333 0 0.777778 1 0.333333 0.888889 0 1
0.079067 0.777778 0.222222 0.777778 0.222222 0.333333 0.888889 0.777778 0.888889 0.777778 1
0.079254 0.555556 1 0.111111 0.777778 1 0.111111 0.666667 0.777778 1 1
0.079401 0.888889 0.333333 0.444444 1 0.555556 1 0.333333 0.777778 0 1
0.079505 1 0.555556 0.333333 0 0.222222 0.333333 0.222222 0.111111 0.222222 1
0.081094 0.222222 0.444444 0.666667 0.777778 0.777778 0.888889 0.666667 1 0.666667 1
0.081097 0.444444 1 0.555556 0 1 0.333333 0.333333 1 1 1
0.081137 0.222222 0.222222 0.555556 0.333333 0.444444 0.777778 0.333333 0.333333 0 1
0.081181 0.222222 0.555556 0.555556 0.555556 0.444444 1 0.555556 0.777778 0.222222 1
0.082455 0.888889 0.555556 0.888889 0.111111 1 0.555556 0.111111 0.888889 1 1
0.082507 0.666667 0.444444 0.555556 1 0.444444 1 0.666667 0.888889 0.333333 1
0.082509 1 0.222222 0.444444 0 1 0.444444 0.222222 1 0.111111 1
0.082568 0.111111 0.222222 0.333333 0.333333 0.111111 0.444444 0.111111 0.444444 0 1
0.082636 0.777778 0.111111 0.222222 0 0.555556 0.222222 0.666667 0 0 1
0.082664 1 1 1 1 1 0 0.777778 0.777778 0.777778 1
0.082688 0.666667 0.222222 0.333333 0.333333 0.222222 0.222222 0.222222 0.111111 0.666667 1
0.08279 1 1 1 0.777778 0.111111 1 0.333333 0 0 1
0.08279 0 0.555556 0.777778 1 0.777778 1 0.444444 0.666667 0 1
0.082887 0.555556 0.444444 0.333333 0.333333 0.222222 0.888889 0.666667 0.777778 0.222222 1
0.082897 0.777778 0.555556 0.333333 0.222222 0.444444 0.888889 0.222222 0 0 1
0.08292 1 0.222222 0.222222 1 0.111111 1 0.666667 0.222222 0.222222 1
0.082999 1 1 1 0.222222 1 0.777778 0.777778 0 0 1
0.083021 0.333333 0.444444 0.444444 1 0.333333 1 0.666667 0.444444 0.777778 1
0.083067 1 1 1 0.111111 1 1 0.444444 0.222222 0.222222 1
0.083089 0.444444 0.222222 0.444444 0 0.777778 1 0.444444 0.222222 0 1
0.083202 0.444444 0.333333 0.555556 0.666667 0.888889 0.666667 0.777778 1 0 1
0.083273 0.666667 0.444444 0.222222 0.666667 0.333333 1 0.666667 0.444444 0.444444 1
0.083311 0.777778 0.222222 0.444444 0.333333 0.444444 1 0 0.555556 0.111111 1
0.08352 0.444444 1 0.777778 1 0.777778 1 0.222222 0.555556 0.222222 1
0.083803 0.888889 0.444444 0.444444 0.333333 0.333333 0.444444 0.333333 0.222222 0.222222 1
0.083924 0.222222 0.333333 0.444444 0.111111 0.555556 0.777778 0.333333 0 0 1
0.084088 0.777778 0.777778 0.666667 0.333333 1 1 0.666667 0.777778 0.666667 1
0.084197 0.666667 0.111111 0.333333 0 0.555556 1 0.444444 0.333333 0.222222 1
0.084199 1 1 0.777778 0.555556 0.333333 0.444444 0.777778 1 0 1
0.084426 0.444444 0.444444 0.444444 0.555556 0.222222 1 0.222222 0 0 1
0.084722 0.888889 0.888889 1 0.222222 0.555556 1 0.666667 1 0.555556 1
0.084769 1 0.666667 0.666667 0.333333 0.444444 1 0.444444 0.666667 0.111111 1
0.084849 0.444444 0.555556 0.666667 0.777778 0.777778 1 0.222222 1 0.222222 1
0.084859 1 0.777778 1 1 0.555556 0 0.222222 0 1 1
0.085062 0.555556 1 1 1 0.777778 1 1 1 0.666667 1
0.085065 0.777778 0.555556 0.444444 0.333333 0.222222 1 0.555556 0 0 1
0.08507 0.444444 0.777778 0.666667 0.666667 1 1 0.444444 0.666667 0 1
0.085143 0.444444 1 1 0.222222 0.777778 0 0.444444 1 0.222222 1
0.085209 0.444444 0.222222 0.222222 0.222222 0.555556 1 0.222222 0 0 1
0.085383 0.444444 0.777778 0.777778 0.777778 0.444444 1 0.666667 0.777778 0 1
0.085415 0.777778 0.666667 0.555556 0.333333 0.333333 1 0.444444 0 0 1
0.085499 0 0.444444 0.777778 0.555556 0.444444 0.777778 0.666667 1 0 1
0.08551 1 0.444444 0.555556 1 0.555556 1 0.666667 0.666667 1 1
0.085595 0.444444 0.777778 0.333333 1 0.444444 0.777778 0.888889 1 0 1
0.085817 1 1 1 0.777778 0.555556 0.777778 0.666667 1 0 1
0.085835 0.666667 0.444444 1 1 1 1 0.333333 1 0.222222 1
0.086116 0.888889 0.666667 0.666667 0.444444 0.444444 1 0.666667 0.777778 0.222222 1
0.086245 1 0.777778 0.777778 0.333333 1 1 0.777778 0 0 1
0.086351 0.444444 1 1 0.888889 0.555556 1 0.666667 1 0.444444 1
0.086398 1 1 0.888889 0.222222 0.666667 0.444444 0.222222 0.444444 0 1
0.086457 0.777778 1 1 1 0.444444 1 0.777778 1 0.555556 1
0.086482 0.777778 1 0.777778 0.777778 0.333333 0.777778 0.666667 0.666667 0 1
0.086631 1 1 1 1 0.666667 1 0.666667 1 0.333333 1
0.086645 1 1 1 1 0.222222 1 1 0.555556 0 1
0.086711 0.777778 0.666667 0.777778 0.666667 0.444444 0.444444 0.444444 1 0.111111 1
0.086775 0.555556 1 0.666667 0.666667 0.555556 0.333333 0.777778 1 0.111111 1
0.086925 1 0.555556 0.333333 0.222222 1 1 0.888889 1 0 1
0.086941 0.333333 0 0 0.222222 0 0.444444 0.111111 0 0 1
0.086986 0.666667 0.444444 0.555556 0.222222 0.222222 0.777778 0.666667 0.333333 0 1
0.087031 1 0.444444 0.444444 0.555556 0.222222 1 0.666667 0.888889 0.111111 1
0.087051 1 0.444444 0.666667 0.333333 0.333333 1 0.777778 0.888889 0 1
0.087101 0.777778 0.888889 0.888889 0.444444 0.222222 0.444444 0.666667 0.666667 0 1
0.087252 1 1 1 0.222222 1 1 0.888889 1 0 1
0.08729 0.666667 0.333333 0.666667 0.333333 0.222222 0.666667 0.666667 0.555556 0 1
0.087342 0.555556 0.777778 0.666667 0.444444 0.555556 0.777778 0.777778 0.888889 0.111111 1
0.087405 1 0.333333 0.444444 0.444444 0.444444 1 0.333333 0 0 1
0.088102 1 0.777778 0.777778 0.111111 0.777778 1 0.333333 0.777778 1 1
0.088111 0.888889 0.777778 0.777778 0.444444 0.555556 0.111111 0.333333 1 0.333333 1
0.088162 0.777778 1 1 0.777778 0.555556 0.888889 0.222222 1 1 1
0.088229 1 0.333333 0.222222 0.111111 0.222222 1 0.444444 0.222222 0.111111 1
0.006216 0.777778 1 1 0.777778 0.444444 1 0.666667 0.777778 0 1
0.006258 0.777778 0.333333 0.333333 0 0.111111 0.888889 0.222222 0.222222 0 1
0.009678 1 0.333333 0.333333 1 0.111111 1 0.444444 0.222222 0.222222 1
0.077571 0.555556 1 1 0.111111 0.777778 1 0.666667 0.222222 0.222222 1
0.078735 0.888889 1 1 0 1 0.777778 0.222222 0.222222 0 1
0.082664 0.444444 0.555556 0.555556 0.111111 0.333333 1 0.222222 0.555556 0 1
0.014486 1 0.444444 0.777778 1 0.222222 1 0.444444 0 0.222222 1
0.015076 0.444444 1 1 0.555556 1 1 1 0.555556 0.444444 1
0.015867 0.777778 0.777778 0.888889 0.333333 0.444444 1 0.666667 0.777778 0 1
0.018038 1 0.333333 0.333333 1 0.555556 1 0.444444 0.444444 0 1
0.018875 0.666667 0.888889 0.333333 1 1 0.222222 0.444444 0.222222 0.222222 1
0.084897 1 1 0.555556 0.222222 0.222222 1 0.333333 0.222222 0.111111 1
0.019342 0.222222 0.222222 0.444444 0.111111 0.222222 1 0.666667 0 0 1
0.019622 1 0.777778 0.777778 0.111111 0.222222 0.333333 0.777778 0.666667 0.777778 1
0.024581 0.777778 0.333333 0.666667 0 0.222222 1 0.222222 0.888889 0.111111 1
0.019342 0.222222 0.222222 0.444444 0.111111 0.222222 1 0.666667 0 0 1
0.027423 0.666667 0.111111 0.333333 0 0.222222 0.333333 0.222222 0.222222 0 1
0.031007 1 0.444444 0.666667 0.222222 0.222222 0.666667 0.222222 0.222222 0.777778 1
0.031849 0 0.333333 0.222222 1 0.333333 1 0.444444 0.555556 0 1
0.032154 1 0.333333 0.555556 0 0.111111 1 0.444444 0.222222 0 1
0.033346 0.666667 0.333333 0.444444 1 0.111111 1 0.222222 0.777778 0.111111 1
0.034775 0.777778 1 1 1 0.777778 1 1 0.666667 0.222222 1
0.034922 1 1 1 1 1 1 0.333333 1 1 1
0.035984 0.555556 0 0.222222 0 0.333333 0.444444 0.444444 1 0 1
0.036911 0.444444 0.555556 0.555556 0.777778 0.555556 1 0.333333 1 0.333333 1
0.037484 0.777778 0.777778 0.777778 0 0.111111 0 0.555556 1 0 1
0.040293 1 0.333333 0.333333 0.555556 0.111111 1 0.111111 0.222222 0 1
0.0407 0.444444 0.444444 0.666667 0.777778 0.555556 1 0.666667 0.333333 0 1
0.00013 0.888889 0 0.111111 0.555556 0.333333 1 0.666667 0.666667 0.111111 1
0.042875 0.777778 0.333333 1 0.444444 0.333333 0.333333 0.666667 1 0 1
0.043241 1 1 1 0.666667 0.888889 1 0.666667 1 1 1
0.044214 0.777778 0.222222 0.333333 0.888889 0.222222 1 0.222222 0.222222 0 1
0.044652 1 0.777778 0.333333 0.333333 0.333333 1 0.222222 1 0.333333 1
0.045216 0.666667 0.777778 0.666667 0.555556 0.333333 0.222222 0.777778 0.777778 0.333333 1
0.04704 0.777778 0.555556 0.333333 1 1 0 0.222222 0.444444 0 1
0.048145 0.444444 0.444444 0.444444 0.111111 0.444444 1 0.333333 0.222222 0 1
0.048359 0.555556 0.777778 0.666667 0.777778 0.555556 0.777778 0.777778 0.888889 0 1
0.049971 0.666667 0.555556 0.222222 0.111111 0.444444 1 0.666667 0.333333 0.555556 1
0.050191 0.444444 0.333333 0.555556 1 0.111111 1 0.333333 0 0 1
0.051615 1 0 0 0 0.111111 1 0.444444 0.333333 0 1
0.052145 0.777778 1 0.222222 0.111111 0.555556 0.333333 0.222222 1 0 1
0.052163 1 0.333333 0.555556 0.333333 0.444444 1 0.666667 0 0 1
0.001102 1 0.333333 0.666667 0.111111 0.111111 0.777778 0.555556 0 0 1
0.054027 0.444444 0.333333 0.555556 0.555556 0.333333 1 0.333333 0.222222 0 1
0.054058 0.777778 0.555556 0.666667 0.222222 0.222222 1 0.222222 0.333333 0.111111 1
0.054932 0.555556 0.444444 0.444444 0.777778 0.333333 1 0.222222 0.333333 0 1
0.055611 0.777778 0.444444 0.444444 0.444444 0.111111 1 0.333333 0.222222 0 1
0.055872 1 0.222222 0.222222 0 0.111111 1 0.666667 0.555556 0 1
0.056836 0.666667 0.555556 0.333333 0.777778 1 1 0.888889 0.444444 0.222222 1
0.057538 0.222222 0.333333 0.333333 1 0.444444 0 0.222222 0.222222 0 1
0.057564 0.333333 0.111111 0.222222 0.444444 0.222222 0.777778 0.666667 0.555556 0 1
0.058927 0.111111 0.666667 1 1 0.666667 1 0.333333 0.888889 0.333333 1
0.05955 0.444444 0.222222 0.222222 0 0.222222 0.222222 0.222222 0.222222 0.222222 1
0.059563 0.777778 1 1 0.666667 1 1 0.666667 0.222222 0.777778 1
0.060084 0.777778 1 0.444444 0.222222 0.777778 0.333333 0.333333 1 0.222222 1
0.060624 1 0.222222 0.444444 0.333333 0.222222 0.666667 0.222222 0.444444 0.222222 1
0.060903 0.555556 1 1 1 1 1 0.777778 1 1 1
0.060952 0.222222 1 0.222222 1 0.555556 1 0.444444 0 0.333333 1
0.002545 0.555556 1 1 1 0.777778 1 0.666667 1 0.666667 1
0.007367 0.444444 0.777778 0.777778 1 0.444444 1 0.777778 1 0.222222 1
0.058598 1 0.555556 0.222222 0.555556 0.333333 1 0.666667 0.777778 0.333333 1
0.076056 0.666667 0.555556 0.555556 0.222222 0.111111 1 0.666667 0 0 1
0.081395 1 0.777778 0.666667 0.333333 0.222222 1 0.666667 0.888889 0 1
0.08584 0.222222 1 0.777778 0.666667 0.555556 0.888889 0.888889 0.222222 0.777778 1
0.087884 1 1 1 0.555556 0.777778 0.333333 0.777778 0.444444 0 1
0.087907 0.777778 0.444444 0.555556 0.111111 0.222222 1 0.555556 0.555556 0 1
0.087937 0.777778 0.666667 0.777778 0.444444 1 1 0.666667 0.111111 0 1
0.08927 1 1 1 0.666667 1 1 0.777778 0.111111 0 1
0.089371 0.888889 1 1 1 1 1 1 1 0 1
0.089938 0.777778 0.666667 0.777778 0.111111 0.333333 0.111111 0.444444 1 0 1
0.09206 1 0.777778 1 0 0.222222 1 0.444444 0 0 1
0.092106 1 1 1 0 0.555556 0 0.111111 0.777778 0 1
0.040807 1 0.333333 0.222222 1 0.333333 1 1 0 0 1
0.084517 0.444444 0.666667 0.888889 0.777778 0.555556 1 0.777778 1 0 1
0.087313 0.333333 0.444444 0.444444 0.777778 0.555556 1 1 0.666667 0 1
0.088476 1 0.111111 0.111111 0 0.111111 0.555556 0 0 0.111111 1
0.08929 1 0.555556 0.444444 0.777778 0.444444 1 0.777778 0.555556 0 1
0.089405 0.777778 0.777778 0.888889 0.555556 0.555556 0.222222 1 1 0 1
0.09221 1 0.888889 0.777778 0.666667 0.555556 0.333333 0.666667 1 0.222222 1
0.092347 1 0.555556 0.555556 0.111111 0.333333 1 0.888889 0.666667 0 1
0.092435 0.555556 0.555556 0.555556 0.444444 0.333333 1 0.666667 0.555556 0.111111 1
0.092403 0.333333 0.777778 0.666667 1 0.333333 1 0.666667 0.444444 0 1
0.093822 0.888889 1 1 1 1 0.444444 1 1 1 1
0.030802 0.777778 0.666667 0.777778 0.444444 0.444444 1 0.888889 1 0 1
0.075588 1 1 1 1 0.555556 1 0.777778 0 0.444444 1
0.075766 0.222222 0.555556 0.333333 1 0.222222 0.222222 0.222222 0.333333 0 1
0.076348 0.555556 0.222222 0.111111 0 0.222222 0.333333 0.333333 0 0 1
0.078965 0.444444 0.777778 0.888889 0.333333 0.222222 1 0.666667 0 0 1
0.080721 0.444444 1 1 1 0.555556 1 0.555556 0.444444 0.111111 1
0.091491 0.777778 1 1 1 0.666667 0.444444 0.333333 0.777778 0.666667 1
0.092935 0.555556 0.555556 0.666667 1 0.222222 1 0.777778 1 0.111111 1
0.093461 0.333333 1 0.333333 0.666667 0.222222 1 0.888889 1 0 1
0.094738 0.333333 0.666667 0.777778 0.222222 0.333333 1 0.888889 0 0 1
0.026183 1 0.333333 0.444444 0.333333 0.222222 0.444444 0.666667 0.222222 0 1
0.045583 0.666667 0.444444 0.555556 1 0.333333 1 0.444444 0.222222 0 1
0.05793 0.666667 0.333333 0.333333 0.222222 0.333333 1 0.555556 0.888889 0 1
0.086676 0.555556 1 1 1 0.333333 1 0.666667 1 0 1
0.088063 0.666667 0.777778 0.222222 0.666667 0.333333 0.444444 0.666667 0.777778 0.111111 1
0.094811 0.444444 0.666667 1 1 0.444444 1 1 1 0 1
0.095681 0.777778 0.333333 0.333333 0 0.555556 1 0.111111 0.444444 0.111111 1
0.095704 1 1 0.777778 1 0.555556 0.444444 1 0.222222 0 1
0.09576 0.777778 1 0.333333 0.333333 0.777778 1 0.777778 0.111111 0 1
0.00607 0.666667 0.555556 1 0.444444 0.222222 1 0.888889 1 0.111111 1
0.023643 1 0.888889 0.666667 0.222222 0.333333 0.111111 0.666667 0.666667 0 1
0.060983 0.444444 0.666667 1 0.555556 0.444444 1 0.666667 0.444444 0 1
0.078106 0.555556 1 0.444444 0.444444 0.333333 1 0.555556 1 0 1
0.089071 0.777778 1 1 1 0.555556 1 1 1 0 1
0.090097 0.888889 0.777778 0.777778 0.888889 0.555556 0.222222 0.333333 0 0 1
0.092037 0.333333 1 0.777778 0.444444 0.333333 0 1 0 0 1
0.092132 0.111111 0.444444 0.666667 0.555556 0.333333 1 0.666667 0.555556 0 1
0.092352 1 0.222222 0.333333 0.444444 0.222222 1 0.333333 0 0 1
0.093623 0.333333 0.777778 0.555556 0.222222 0.333333 1 0.666667 0 0 1
0.096398 0.444444 0.333333 0.555556 0.777778 0.333333 0 0.777778 1 0 1
0.009461 0.444444 0.222222 0.111111 0.777778 0.444444 1 0.777778 0 0.111111 1
0.021713 1 0.444444 1 0.222222 0.444444 0.777778 0.666667 0.777778 0.222222 1
0.037031 0.444444 1 1 1 1 1 1 0 0 1
0.050364 1 0.333333 0.222222 1 0.222222 1 0.666667 0 0.111111 1
0.055396 0.444444 1 1 1 0.444444 0.111111 0.777778 0.444444 0 1
0.056836 0.777778 1 1 1 0.555556 1 1 1 1 1
0.084281 0.333333 0.555556 0.555556 0.444444 0.666667 0.555556 0.666667 0.666667 0.222222 1
0.089028 0.777778 0.666667 0.333333 0.333333 0.444444 0.222222 0.444444 1 0 1
0.090147 1 1 0.666667 0.777778 0.666667 0 1 1 0.222222 1
0.093646 0.444444 1 1 1 1 0.111111 1 1 1 1
0.095005 0.666667 0.777778 0.777778 0.666667 0.222222 1 0.666667 0.111111 0.222222 1
0.096223 0.444444 0.666667 0.333333 0 0.555556 0 0.666667 1 0.222222 1
0.096231 0.444444 1 1 0.777778 0.444444 0.444444 0.666667 1 0 1
0.096412 0.222222 1 0.666667 0.777778 0.444444 0.777778 0.666667 0.333333 0 1
0.097679 1 1 1 1 0.444444 1 1 1 0.666667 1
0.097769 0.444444 1 1 1 0.333333 1 0.444444 0.555556 0.222222 1
0.047299 0.444444 1 1 0.444444 0.333333 0.444444 0.333333 0.333333 0 1
0.061764 0.444444 1 1 0.222222 0.666667 0.222222 0.777778 1 0.111111 1
0.06241 0.333333 0.777778 0.555556 0.333333 0.222222 0.333333 1 0.555556 0 1
0.06241 0.333333 0.777778 0.777778 0.444444 0.333333 0.444444 1 0.333333 0 1
0.070067 0.444444 0 0 0 0.111111 0 0.222222 0 0 2
0.070285 0.444444 0.333333 0.333333 0.444444 0.666667 1 0.222222 0.111111 0 2
0.071217 0.222222 0 0 0 0.111111 0.111111 0.222222 0 0 2
0.071281 0.555556 0.777778 0.777778 0 0.222222 0.333333 0.222222 0.666667 0 2
0.071336 0.333333 0 0 0.222222 0.111111 0 0.222222 0 0 2
0.071417 0 0 0 0 0.111111 1 0.222222 0 0 2
0.071451 0.111111 0 0.111111 0 0.111111 0 0.222222 0 0 2
0.072535 0.111111 0 0 0 0.111111 0 0 0 0.444444 2
0.072535 0.333333 0.111111 0 0 0.111111 0 0.111111 0 0 2
0.0727 0 0 0 0 0 0 0.222222 0 0 2
0.072766 0.111111 0 0 0 0.111111 0 0.111111 0 0 2
0.073351 0 0 0 0 0.111111 0.222222 0.222222 0 0 2
0.0737 0.333333 0 0 0 0.111111 0 0.111111 0 0 2
0.073785 0.333333 0 0 0 0.111111 0 0.222222 0 0 2
0.073852 0.555556 0 0 0 0.111111 0 0.222222 0 0 2
0.074305 0.222222 0 0 0 0.111111 0 0.111111 0 0 2
0.074512 0 0 0 0 0.111111 0 0.222222 0 0 2
0.075021 0.222222 0.111111 0 0 0 0 0.111111 0 0 2
0.075067 0.444444 0 0 0 0.111111 0 0.111111 0 0 2
0.075101 0.111111 0 0 0 0.111111 0 0.111111 0 0 2
0.075362 0 0 0.222222 0 0.111111 0 0 0 0 2
0.075362 0.222222 0 0 0 0 0 0.111111 0 0 2
0.075424 0.111111 0 0 0 0.111111 0 0.222222 0 0 2
0.075636 0.111111 0 0 0.111111 0.111111 0 0.222222 0 0 2
0.075675 0.222222 0 0.111111 0 0.111111 0 0.111111 0 0 2
0.075987 0.111111 0 0 0 0.111111 0 0.111111 0 0 2
0.076173 0.555556 0.111111 0 0 0 0 0.666667 0 0 2
0.077293 0.555556 0.555556 0.555556 0.888889 0.555556 0 0.666667 0.777778 0 2
0.07781 0 0 0 0 0.111111 0 0.111111 0 0.111111 2
0.077945 0 0 0 0 0.111111 0 0.111111 0 0 2
0.077987 0.333333 0 0 0.222222 0.111111 0 0.222222 0 0 2
0.078674 0 0 0 0 0.111111 0.111111 0.111111 0 0 2
0.078741 0 0 0 0 0.111111 0 0.111111 0 0 2
0.078813 0.333333 0 0 0 0.111111 0 0.222222 0 0 2
0.079155 0 0 0 0 0.111111 0 0.222222 0.111111 0 2
0.079169 0.444444 0 0.222222 0 0.111111 0 0.111111 0 0 2
0.079373 0 0.222222 0.222222 0.111111 0.111111 0 0.666667 0.111111 0 2
0.079869 0 0 0.111111 0 0.111111 0.111111 0.333333 0.111111 0 2
0.079947 0 0 0.333333 0 0.111111 0 0.111111 0 0 2
0.079999 0.444444 0.222222 0 0.111111 0.111111 0 0.111111 0 0 2
0.080006 0.222222 0 0 0 0.111111 0.222222 0.222222 0 0 2
0.080231 0.111111 0 0 0 0.222222 0 0.111111 0 0 2
0.080306 0.111111 0.111111 0.111111 0 0 0 0.666667 0 0 2
0.080816 0.333333 0 0 0.111111 0.111111 0 0.111111 0 0 2
0.080816 0.444444 0.111111 0 0 0.111111 0 0.222222 0 0 2
0.081045 0.222222 0 0 0 0.111111 0.111111 0.666667 0 0 2
0.08144 0.333333 0 0 0 0.111111 0 0.222222 0 0 2
0.08168 0.111111 0 0 0.111111 0.222222 0 0.111111 0 0 2
0.081734 0 0 0 0 0.111111 0 0.222222 0 0 2
0.081784 0.222222 0 0 0.111111 0.111111 0 0 0 0 2
0.081843 0.333333 0 0 0 0.111111 0 0.222222 0 0 2
0.081881 0 0 0 0 0.111111 0 0.111111 0 0 2
0.082048 0.111111 0 0 0 0.111111 0 0.222222 0 0 2
0.082316 0 0 0 0 0.111111 0 0.222222 0 0 2
0.082408 0.111111 0 0 0.111111 0.111111 0 0 0 0 2
0.082445 0.444444 0 0 0 0.111111 0 0.222222 0 0 2
0.08257 0.333333 0 0.111111 0 0.111111 0 0.222222 0 0 2
0.082887 0 0 0 0 0.111111 0 0.111111 0.222222 0 2
0.082893 0 0.222222 0 0.111111 0.111111 0.111111 0.444444 0.222222 0.111111 2
0.083 0.222222 0.222222 0.111111 0 0.111111 0.222222 0.222222 0 0 2
0.083009 0 0 0 0 0.111111 0.444444 0 0 0 2
0.083009 0.777778 0.222222 0.222222 0 0.111111 0.111111 0.222222 0.111111 0 2
0.083021 0 0 0 0 0.333333 0.222222 0 0 0 2
0.083034 0.222222 0.111111 0 0 0.111111 0.111111 0.222222 0 0 2
0.083062 0 0 0.111111 0.111111 0.111111 0 0.222222 0 0 2
0.083062 0.333333 0.111111 0 0 0.111111 0.111111 0.222222 0 0 2
0.083237 0 0 0 0 0.111111 0 0.111111 0 0 2
0.083284 0.222222 0 0 0 0.111111 0 0.222222 0 0 2
0.08332 0 0 0 0 1 0 0 0 0 2
0.0834 0.444444 0 0.222222 0 0.111111 0 0.111111 0 0 2
0.083492 0.111111 0 0 0 0.111111 0 0.222222 0 0 2
0.083545 0.222222 0 0 0 0.111111 0 0.111111 0.111111 0 2
0.083568 0.222222 0 0 0 0.222222 0 0.111111 0 0 2
0.083607 0.444444 0 0 0 0.111111 0.111111 0.222222 0.222222 0 2
0.083685 0.333333 0 0 0 0.111111 0 0.111111 0 0 2
0.083685 0.222222 0 0 0 0.111111 0 0 0 0 2
0.083747 0.333333 0 0.111111 0 0.111111 0 0.111111 0 0 2
0.083748 0 0 0 0 0 0 0.111111 0 0 2
0.083768 0.222222 0 0 0 0.111111 0 0 0 0 2
0.083798 0.111111 0 0 0 0.111111 0 0 0 0 2
0.083818 0 0 0 0 0.111111 0.444444 0 0 0 2
0.083822 0.111111 0 0 0 0.111111 0 0.111111 0 0 2
0.083867 0 0 0.222222 0 0.111111 0 0.111111 0 0 2
0.083924 0 0 0 0 0.222222 0.111111 0.111111 0 0 2
0.084062 0.222222 0 0 0.222222 0.777778 0 0.444444 0.777778 0 2
0.084138 0 0 0 0 0 0 0.222222 0 0 2
0.084282 0.333333 0 0 0 0.111111 0.222222 0 0 0 2
0.084288 0 0 0 0 0.111111 0 0 0 0 2
0.084483 0 0.111111 0.111111 0 0.111111 0 0.111111 0 0 2
0.084492 0.111111 0 0 0 0.111111 0 0.222222 0 0 2
0.084527 0 0 0.111111 0 0.222222 0 0 0 0 2
0.084781 0.333333 0 0 0 0.111111 0 0.222222 0.111111 0 2
0.084795 0.222222 0 0 0 0.111111 0 0.222222 0 0 2
0.084808 0 0 0 0.111111 0 0.222222 0 0 0.666667 2
0.084813 0.444444 0 0 0 0.111111 0 0.222222 0 0 2
0.084848 0.333333 0 0 0 0.111111 0.111111 0.222222 0.111111 0 2
0.084897 0.222222 0 0 0 0.111111 0 0.222222 0 0 2
0.084941 0 0 0 0.111111 0 0 0 0 0 2
0.084979 0.222222 0 0 0 0.111111 0 0 0 0 2
0.084998 0 0 0 0 0.111111 0 0.222222 0 0 2
0.085057 0 0 0 0 0.111111 0 0.111111 0 0 2
0.085136 0.111111 0 0 0 0.111111 0 0.222222 0 0 2
0.085158 0.333333 0 0 0 0.111111 0 0.222222 0 0 2
0.08523 0 0 0 0 0 0 0.222222 0 0 2
0.085316 0 0 0 0 0.111111 0 0 0 0 2
0.085365 0.555556 0 0 0 0.111111 0 0.222222 0 0 2
0.085454 0.111111 0 0 0 0 0 0.222222 0 0 2
0.085619 0 0.111111 0.222222 0 0.111111 0 0.222222 0 0 2
0.085912 0.444444 0 0 0 0.111111 0 0.111111 0 0 2
0.085914 0 0 0 0 0.111111 0 0.222222 0 0 2
0.085926 0.222222 0 0 0 0.111111 0 0.222222 0 0 2
0.085926 0.333333 0 0 0 0.111111 0 0.222222 0 0 2
0.085998 0.777778 0.333333 0.333333 0.444444 0.333333 0.666667 0.666667 0.777778 0.111111 2
0.085998 0.444444 0 0 0.333333 0.111111 0 0.222222 0 0 2
0.086051 0 0 0 0 0.111111 0 0 0 0 2
0.086086 0.222222 0 0 0 0.111111 0 0.111111 0 0 2
0.086264 0 0 0 0 0.111111 0 0.222222 0 0 2
0.086272 0.444444 0 0 0 0.111111 0 0.222222 0 0 2
0.086288 0 0 0 0 0.111111 0 0.222222 0 0 2
0.086407 0 0 0 0 0 0 0.222222 0 0 2
0.086407 0 0 0 0 0 0 0.222222 0 0 2
0.086448 0.444444 0 0 0 0 0 0.222222 0 0 2
0.086517 0 0 0 0 0.111111 0 0.222222 0 0 2
0.086737 0 0 0 0 0.111111 0 0.111111 0 0 2
0.086748 0 0 0 0 0.111111 0 0.222222 0 0 2
0.086788 0.555556 0 0.222222 0 0.111111 0 0.222222 0 0 2
0.086815 0 0 0 0.111111 0.111111 0 0.222222 0 0 2
0.087033 0 0 0 0 0.111111 0 0.111111 0 0 2
0.087113 0 0 0 0 0 0 0.222222 0 0 2
0.087366 0.777778 0.333333 0.555556 0.222222 0.222222 0 0.333333 0.222222 0 2
0.08769 0.222222 0.222222 0.111111 0 0.222222 0 0.222222 0.555556 0 2
0.088078 0.222222 0 0.333333 0 0.111111 0 0.222222 0 0 2
0.090261 0.444444 0 0.222222 0.222222 0.111111 0.111111 0.111111 0.222222 0 2
0.09068 0.222222 0 0 0.222222 0 0 0.222222 0 0 2
0.09075 0.111111 0 0 0 0.111111 0 0.222222 0 0 2
0.00496 0 0 0 0 0.111111 0.444444 0.444444 0 0 2
0.091385 0 0 0 0 0.111111 0 0.222222 0 0 2
0.091553 0.444444 0 0 0.111111 0.111111 0.111111 0.222222 0 0 2
0.007907 0.333333 0 0 0 0.111111 0 0.222222 0.555556 0 2
0.008043 0.222222 0 0 0 0.111111 0 0.222222 0 0 2
0.00913 0 0.111111 0.111111 0 0.111111 0 0 0 0 2
0.071336 0.555556 0.222222 0.222222 0.444444 0.222222 1 0.222222 0.444444 0.222222 2
0.083685 0.222222 0 0 0 0.111111 0 0 0 0 2
0.083685 0.222222 0 0 0 0.111111 0 0.111111 0 0 2
0.084897 0.222222 0 0 0 0.111111 0 0.222222 0 0 2
0.01354 0.444444 0.666667 0.666667 0 0.444444 0.777778 0.222222 0.333333 0 2
0.083685 0.444444 0 0.333333 0 0.111111 0 0.222222 0.111111 0 2
0.024153 0 0 0 0 0.111111 0 0.222222 0 0 2
0.02612 0.444444 0 0 0 0.111111 0 0.222222 0 0 2
0.027617 0.222222 0 0 0 0.111111 0 0.222222 0.111111 0 2
0.027715 0.222222 0 0.222222 0 0.111111 0 0.111111 0 0 2
0.027842 0.222222 0 0 0 0.111111 0 0.111111 0 0 2
0.029167 0 0 0 0 0.111111 0 0.111111 0 0 2
0.029467 0 0 0 0 0.111111 0 0.222222 0 0 2
0.031707 0.222222 0 0 0 0.111111 0 0.222222 0 0 2
0.031736 0.111111 0 0 0.111111 0.111111 0 0.222222 0 0 2
0.03537 0.222222 0 0 0 0.222222 0 0.111111 0 0 2
0.037262 0 0 0 0 0.111111 0 0 0 0 2
0.037322 0 0 0 0 0.111111 0 0.222222 0 0 2
0.040657 0 0 0 0 0.111111 0 0.111111 0 0 2
0.041411 0.444444 0.222222 0.333333 0.222222 0.333333 0.444444 0.333333 0.666667 0 2
0 0.444444 0.333333 0.222222 0 0.111111 0 0.111111 0.222222 0 2
0.04208 0.777778 0.111111 0 0 0.444444 0 0 0 0 2
0.042896 0 0 0 0 0.111111 0 0.222222 0 0 2
0.043701 0 0 0 0 0.111111 0 0.222222 0 0 2
0.045133 0 0 0 0 0.111111 0 0.222222 0 0 2
0.045197 0 0 0 0 0.111111 0 0.222222 0 0 2
0.045697 0.222222 0 0 0 0.111111 0.444444 0.444444 0 0 2
0.046542 0.111111 0 0 0 0.222222 0 0.111111 0 0 2
0.046772 0 0 0 0 0.111111 0 0 0 0 2
0.047195 0 0 0 0 0.111111 0 0 0 0 2
0.047971 0 0 0 0 0 0 0.111111 0 0 2
0.047976 0.333333 0.555556 0.444444 0.555556 0.666667 0 0.333333 0.888889 0 2
0.049057 0 0 0 0 0.444444 0 0.222222 0 0 2
0.049269 0.333333 0.333333 0.333333 0.333333 0.555556 0.444444 0.666667 0.222222 0 2
0.050177 0.222222 0 0 0 0.111111 0 0.222222 0 0 2
0.050177 0.222222 0 0 0 0.111111 0 0.222222 0 0 2
0.050689 0 0 0 0 0.111111 0 0.222222 0 0 2
0.050902 0.222222 0.111111 0.111111 0 0.111111 0 0.111111 0.222222 0 2
0.051857 0 0 0 0 0.111111 0 0.111111 0 0 2
0.052517 0.444444 0 0 0 0.111111 0 0.222222 0 0.111111 2
0.052897 0.444444 0.111111 0.111111 0.111111 0.111111 0 0.111111 0.111111 0 2
0.05459 0 0 0 0 0.111111 0 0 0 0 2
0.055015 0 0 0 0 0.111111 0 0.222222 0 0 2
0.047971 0 0 0 0 0 0 0.111111 0 0 2
0.055886 0 0 0 0 0.111111 0 0.222222 0 0 2
0.056197 0.111111 0 0 0 0.111111 0 0 0 0 2
0.056245 0 0 0 0 0.111111 0 0 0 0 2
0.057142 0 0 0 0 0.111111 0 0 0 0 2
0.057423 0.444444 0.111111 0.111111 0.111111 0.222222 0 0 0.222222 0 2
0.057467 0 0 0 0 0 0 0 0.222222 0 2
0.057852 0.444444 0 0 0.222222 0.111111 0 0 0 0 2
0.057901 0.111111 0 0 0 0.111111 0 0.222222 0 0 2
0.058629 0.222222 0.333333 0.444444 0.222222 0.666667 0.222222 0.333333 0.555556 0 2
0.059278 0 0 0 0 0.111111 0 0.111111 0 0 2
0.059446 0.333333 0 0 0 0.222222 0 0.111111 0.111111 0 2
0.061715 0.222222 0.111111 0.111111 0 0.333333 0.222222 0.111111 0 0 2
0.061742 0.333333 0.333333 0.333333 0.111111 0.111111 0.222222 0.111111 0 0 2
0.06233 0.111111 0 0 0 0.111111 0 0.222222 0 0 2
0.062387 0.111111 0 0 0 0.111111 0 0.111111 0 0 2
0.020953 0 0 0.222222 0 0.111111 0 0 0 0 2
0.0274 0 0 0.222222 0 0 0 0.111111 0 0 2
0.032176 0.333333 0.222222 0.111111 0 0.222222 0 0.111111 0 0 2
0.032243 0 0 0.222222 0 0.111111 0 0 0 0 2
0.032243 0.333333 0 0.111111 0 0.111111 0 0.111111 0 0 2
0.034333 0.444444 0 0 0.111111 0.111111 0 0.111111 0 0 2
0.037262 0.222222 0 0.111111 0 0.111111 0 0.111111 0 0 2
0.042919 0 0 0 0 0.111111 0 0 0 0 2
0.043238 0 0 0 0 0.111111 0 0.111111 0 0 2
0.044249 0 0 0 0 0 0 0.111111 0 0 2
0.044511 0.222222 0 0 0.333333 0.222222 0 0.111111 0.111111 0 2
0.046618 0.444444 0.222222 0.333333 0 0.333333 0 0.222222 0 0 2
0.055539 0 0 0 0 0.111111 0 0 0 0 2
0.070252 0.222222 0.111111 0.111111 0.111111 0.111111 0 0.222222 0.111111 0 2
0.071727 0.111111 0 0 0 0.111111 0 0 0 0 2
0.072016 0.111111 0 0 0 0.111111 0 0 0 0 2
0.075373 0.222222 0.222222 0.111111 0.111111 0.222222 0 0 0.111111 0.222222 2
0.07862 0.444444 0.222222 0.222222 0.111111 0.222222 0 0.222222 0 0 2
0.07862 0.111111 0 0 0 0.111111 0 0.111111 0.111111 0 2
0.07878 0.444444 0 0 0 0.222222 0.111111 0.111111 0.111111 0 2
0.079878 0 0 0 0.111111 0.111111 0 0.111111 0 0 2
0.081715 0.222222 0 0 0 0.111111 0 0.111111 0 0 2
0.081881 0 0 0 0 0 0 0 0 0 2
0.081893 0 0.111111 0.222222 0 0.111111 0 0.111111 0 0 2
0.08263 0.222222 0 0 0 0.111111 0 0.111111 0 0 2
0.083221 0.222222 0 0 0 0.111111 0 0.222222 0 0 2
0.08472 0.333333 0 0 0 0.111111 0 0 0 0 2
0.084736 0.222222 0.111111 0 0 0.111111 0 0.111111 0.111111 0 2
0.08547 0 0.111111 0.222222 0 0.111111 0 0 0 0 2
0.086028 0.222222 0 0 0 0.111111 0 0 0 0 2
0.086716 0.444444 0.222222 0.222222 0 0.111111 0 0.111111 0 0 2
0.086739 0.222222 0 0 0 0.111111 0.333333 0 0 0 2
0.086757 0 0.111111 0 0.222222 0.111111 0 0 0.111111 0 2
0.087234 0 0 0 0 0.111111 0 0.111111 0 0 2
0.087377 0.333333 0.111111 0.111111 0 0.111111 0 0.111111 0 0 2
0.087579 0 0 0 0 0.111111 0 0.111111 0 0 2
0.087749 0.111111 0.222222 0.111111 0.111111 0.111111 0.111111 0.222222 0 0 2
0.087812 0.222222 0 0.111111 0 0.111111 0 0.111111 0 0 2
0.087838 0 0 0 0 0.111111 0 0.111111 0 0 2
0.087871 0 0 0 0 0 0 0.111111 0 0 2
0.087905 0.444444 0 0.111111 0 0.111111 0 0.222222 0 0 2
0.087928 0.222222 0.222222 0.111111 0.555556 0.222222 0.222222 0.222222 0.444444 0 2
0.087983 0 0 0 0 0.111111 0 0.111111 0 0 2
0.088011 0.444444 0.111111 0.111111 0.111111 0.111111 0.111111 0.222222 0.111111 0.111111 2
0.088994 0.111111 0.222222 0 0 0.444444 0 0 0 0 2
0.089134 0.222222 0.111111 0.111111 0.222222 0.111111 0.222222 0.222222 0 0 2
0.089303 0.333333 0.222222 0.222222 0 0.111111 0 0.222222 0.222222 0 2
0.089316 0.444444 0 0.222222 0 0.111111 0 0.111111 0 0 2
0.089325 0.222222 0 0 0 0.111111 0 0 0 0 2
0.089371 0.444444 0.222222 0.555556 0 0.111111 0 0 0 0 2
0.090378 0 0 0 0 0.111111 0 0.111111 0 0 2
0.09068 0.111111 0 0 0 0.111111 0 0.111111 0 0 2
0.09068 0 0.222222 0 0 0.111111 0 0.111111 0.111111 0 2
0.09068 0.444444 0 0 0.222222 0.333333 0 0.222222 0.111111 0 2
0.090795 0.444444 0 0 0 0.111111 0 0.111111 0.111111 0 2
0.091976 0.222222 0.111111 0.111111 0.222222 0.111111 0 0 0 0 2
0.091976 0.555556 0.888889 0.666667 0.444444 0.444444 0.777778 0.333333 0.111111 0 2
0.034773 0.333333 0 0 0 0.111111 0 0 0 0 2
0.037103 0.333333 0 0.222222 0.222222 0.111111 0 0 0 0 2
0.037698 0.444444 0 0 0 0.111111 0 0 0 0 2
0.046016 0.444444 0.111111 0.111111 0.333333 0.111111 0.333333 0 0 0 2
0.050212 0 0 0 0.222222 0.111111 0.222222 0 0 0 2
0.050212 0 0 0 0 0.111111 0.111111 0 0 0 2
0.05368 0.444444 0 0 0.555556 0.222222 0 0.111111 0 0 2
0.057195 0.111111 0 0 0 0.111111 0 0 0 0 2
0.073787 0 0 0 0 0.111111 0 0 0 0 2
0.074459 0.444444 0 0 0 0.111111 0 0 0 0 2
0.083685 0 0 0 0 0 0 0 0 0 2
0.085139 0.333333 0 0 0.222222 0 0 0.111111 0 0 2
0.085167 0.444444 0 0 0 0.111111 0 0 0 0 2
0.087021 0.222222 0 0 0.222222 0.111111 0 0 0 0 2
0.087867 0.111111 0.222222 0 0 0.222222 0 0 0 0 2
0.089936 0.444444 0 0.111111 0 0.111111 0 0 0 0 2
0.090069 0.444444 0 0.222222 0 0.111111 0 0 0 0 2
0.0901 0.444444 0 0 0.222222 0.111111 0 0 0 0 2
0.090136 0.222222 0 0 0 0.111111 0.444444 0 0 0 2
0.09068 0.555556 0 0 0.222222 0.111111 0 0 0 0 2
0.090992 0.333333 0 0 0 0.111111 0 0 0.111111 0 2
0.092015 0.333333 0 0 0 0.111111 0 0 0 0 2
0.077945 0.333333 0 0 0 0.111111 0 0 0 0 2
0.083631 0 0 0.111111 0 0.111111 0 0.111111 0 0 2
0.085865 0.222222 0 0 0 0 0 0.111111 0 0 2
0.087894 0.555556 0 0 0.222222 0.111111 0 0 0 0 2
0.0893 0.555556 0 0 0 0 0 0 0 0 2
0.090194 0.333333 0 0 0 0.111111 0 0 0 0 2
0.090759 0.444444 0 0 0 0.111111 0 0 0 0 2
0.091516 0.222222 0 0 0 0.111111 0 0 0 0 2
0.092169 0.333333 0 0.111111 0 0.111111 0 0 0 0 2
0.092187 0.333333 0 0 0 0.111111 0 0 0 0 2
0.092211 0.444444 0.111111 0 0 0.111111 0 0 0 0 2
0.092611 0.444444 0 0 0 0 0 0 0 0 2
0.092647 0.444444 0.222222 0.111111 0.333333 0.111111 0 0 0 0 2
0.054195 0.444444 0 0.111111 0 0.111111 0 0 0 0 2
0.070217 0 0 0 0.222222 0 0.222222 0 0 0 2
0.075331 0.222222 0 0 0 0 0 0.111111 0 0 2
0.078674 0 0 0 0 0.111111 0 0 0 0 2
0.08007 0.333333 0 0 0 0 0 0.111111 0 0 2
0.081711 0.444444 0 0.111111 1 0.333333 0.444444 0.111111 0 0 2
0.082829 0.222222 0 0 0 0 0 0.111111 0 0 2
0.083623 0 0 0 0 0 0 0 0 0 2
0.083685 0.333333 0.111111 0 0 0.111111 0 0 0 0 2
0.085339 0.333333 0 0 0 0.111111 0 0.111111 0 0 2
0.086339 0.333333 0 0 0 0.111111 0 0.111111 0 0 2
0.086833 0.555556 0 0 0 0.111111 0 0.222222 0 0 2
0.08785 0.333333 0 0 0 0.111111 0 0.111111 0 0 2
0.089025 0.333333 0 0 0.111111 0.111111 0 0.111111 0 0 2
0.089919 0.333333 0 0 0 0.111111 0 0.222222 0 0 2
0.090133 0 0 0 0 0.111111 0 0 0 0 2
0.090768 0.222222 0.222222 0 0 0.111111 0 0 0 0 2
0.09213 0 0 0 0 0.111111 0.333333 0 0 0 2
0.092266 0.444444 0 0 0 0.111111 0 0 0 0 2
0.092281 0.111111 0 0 0 0.111111 0 0 0 0 2
0.092343 0 0 0 0 0.111111 0 0 0 0 2
0.09246 0.444444 0 0 0 0.111111 0 0.111111 0 0 2
0.092465 0.444444 0 0 0 0.111111 0 0 0 0 2
0.092809 0.222222 0 0 0 0 0 0.111111 0 0 2
0.093965 0 0 0 0 0 0 0 0 0 2
0.093965 0 0 0 0 0 0 0.111111 0 0 2
0.093982 0.222222 0 0.111111 0.111111 0.111111 0 0 0 0 2
0.020269 0 0 0 0 0.222222 0 0 0 0 2
0.022992 0.333333 0 0 0 0.222222 0 0 0 0 2
0.051373 0.222222 0 0 0 0.111111 0 0.111111 0 0 2
0.052863 0.222222 0 0 0.111111 0.111111 0 0 0 0 2
0.052863 0.333333 0 0 0 0.111111 0 0 0 0 2
0.055015 0.333333 0 0 0 0.111111 0 0.222222 0 0 2
0.055704 0.555556 0 0.222222 0.111111 0.111111 0 0 0 0 2
0.610188 0.333333 0 0 0 0 0 0.111111 0 0 2
0.060164 0.333333 0.111111 0.111111 0 0.111111 0 0.111111 0 0 2
0.060346 0 0 0 0 0 0 0.222222 0 0 2
0.073281 0.222222 0 0 0 0.111111 0 0.111111 0 0 2
0.07426 0.111111 0 0 0 0.111111 0 0.111111 0 0 2
0.074694 0 0 0.222222 0.111111 0.111111 0 0.222222 0 0 2
0.078507 0.444444 0 0 0 0.111111 0 0.222222 0 0 2
0.078741 0.444444 0 0.111111 0 0.111111 0 0.222222 0 0 2
0.080152 0.333333 0 0 0 0.111111 0 0.111111 0 0 2
0.080924 0.555556 0 0 0 0.111111 0 0.111111 0 0 2
0.081875 0.444444 0 0 0 0.111111 0.111111 0.111111 0 0 2
0.082877 0.222222 0 0 0 0.111111 0 0 0 0 2
0.08312 0.444444 0.222222 0 0 0.111111 0 0 0 0 2
0.083848 0.333333 0 0 0 0.111111 0 0.111111 0 0 2
0.084023 0.111111 0 0.222222 0.111111 0.111111 0 0.111111 0 0 2
0.084814 0.444444 0 0 0 0.111111 0 0.111111 0 0 2
0.088031 0.111111 0 0 0 0 0 0 0 0 2
0.088031 0.222222 0 0 0 0 0 0 0 0 2
0.091567 0.222222 0 0 0 0.111111 0 0.111111 0 0 2
0.091673 0 0 0 0 0.111111 0 0.222222 0 0 2
0.09246 0.222222 0.111111 0.111111 0.111111 0.111111 0 0.333333 0.111111 0 2
0.092939 0.333333 0.333333 0.111111 0 0.111111 0.444444 0.111111 0 0.111111 2
0.093485 0.222222 0 0 0 0.111111 0 0 0 0 2
0.09351 0.333333 0.222222 0 0 0.111111 0 0.333333 0.777778 0 2
0.094053 0.444444 0.111111 0.111111 0.111111 0 0 0.111111 0 0 2
0.094058 0.444444 0 0 0.222222 0.111111 0 0 0 0 2
0.09406 0.111111 0 0 0 0.111111 0 0.111111 0 0 2
0.094103 0.444444 0 0 0 0.111111 0 0.111111 0 0 2
0.094104 0.444444 0 0 0 0.111111 0 0.222222 0 0 2
0.094104 0.444444 0 0 0 0.111111 0 0.222222 0 0 2
0.094581 0 0 0 0 0.111111 0 0.222222 0 0 2
0.094613 0.222222 0 0 0 0.111111 0 0.111111 0 0 2
0.094811 0.333333 0 0 0 0.111111 0 0.222222 0.111111 0 2
0.094937 0.222222 0 0.111111 0 0.111111 0 0.222222 0 0 2
0.09501 0.333333 0 0 0 0.111111 0.222222 0.111111 0 0 2
0.009132 0.222222 0 0 0 0.111111 0 0.111111 0 0 2
0.019619 0 0 0 0 0.111111 0 0.111111 0 0 2
0.024153 0.444444 0 0.111111 0 0.111111 0 0.222222 0 0 2
0.04696 0.444444 0 0 0 0.111111 0 0.111111 0 0 2
0.047299 0 0 0 0 0.111111 0 0.111111 0 0 2
0.047308 0 0 0 0 0.111111 0 0.111111 0 0 2
0.056943 0 0 0 0 0.111111 0 0.222222 0 0 2
0.060474 0.444444 0 0.111111 0 0.111111 0 0.111111 0 0 2
0.078709 0.222222 0 0 0 0.111111 0 0 0 0 2
0.086322 0.444444 0 0 0.555556 0.222222 0 0 0 0 2
0.087942 0 0 0 0 0.111111 0 0 0 0 2
0.08961 0.444444 0 0 0 0.111111 0 0.111111 0.111111 0 2
0.090387 0.444444 0 0 0 0.111111 0 0 0 0 2
0.093352 0.444444 0 0.111111 0 0.111111 0 0 0 0 2
0.09397 0.444444 0 0 0 0.111111 0 0.111111 0 0 2
0.094355 0.333333 0 0.111111 0 0.111111 0 0.111111 0 0 2
0.094934 0.444444 0 0.222222 0 0.111111 0 0.222222 0 0 2
0.094967 0.222222 0 0 0 0.111111 0 0.111111 0 0 2
0.095054 0.444444 0.111111 0.333333 0 0 0 0 0 0 2
0.095213 0.222222 0 0 0 0.111111 0 0.111111 0 0 2
0.095785 0 0 0 0 0 0 0.111111 0 0 2
0.096241 0.333333 0 0 0 0.111111 0 0.111111 0 0 2
0.021763 0.333333 0 0 0.111111 0.111111 0 0 0 0 2
0.02612 0 0 0 0 0.111111 0 0 0 0 2
0.042914 0.444444 0 0 0 0.111111 0 0 0 0 2
0.071307 0.111111 0.222222 0 0 0.111111 0 0.111111 0 0 2
0.072425 0.111111 0 0 0 0 0 0.111111 0 0 2
0.07313 0.333333 0 0.222222 0 0.111111 0 0.111111 0 0 2
0.07322 0.222222 0 0 0 0.111111 0 0.111111 0 0 2
0.074326 0 0 0 0 0 0 0 0 0 2
0.074694 0.333333 0 0 0 0.111111 0 0.111111 0 0 2
0.075579 0.444444 0 0 0 0.111111 0 0.111111 0 0 2
0.076324 0.222222 0 0 0 0.111111 0 0.111111 0 0 2
0.07726 0.555556 0.222222 0.222222 0.222222 0.222222 0.111111 0.555556 0 0 2
0.080563 0.666667 0 0.111111 0.222222 0.111111 0 0.111111 0 0 2
0.081232 0 0 0 0 0.111111 0 0 0 0 2
0.083058 0.444444 0 0 0.111111 0 0 0.111111 0 0 2
0.083774 0.222222 0 0.222222 0 0.222222 0.333333 0 0 0 2
0.084293 0.111111 0 0 0 0.111111 0.444444 0 0 0 2
0.08599 0.111111 0 0 0 0.111111 0 0 0 0 2
0.086416 0.333333 0 0 0 0.111111 0 0 0 0 2
0.086894 0.555556 0.111111 0.222222 0 0.111111 0 0 0 0 2
0.087672 0.444444 0 0 0 0.111111 0 0.111111 0 0 2
0.087894 0 0 0 0 0.111111 0 0 0 0 2
0.089282 0.222222 0 0 0 0.111111 0 0 0 0 2
0.089528 0.222222 0 0.333333 0 0.111111 0 0 0 0 2
0.090659 0.333333 0.111111 0.333333 0.222222 0.111111 0.111111 0.111111 0 0 2
0.090807 0.333333 0 0 0 0.111111 0 0 0 0 2
0.090807 0.444444 0 0 0.222222 0.111111 0 0 0 0 2
0.0914 0.333333 0 0 0.222222 0.111111 0 0 0 0 2
0.091615 0.222222 0 0 0 0.111111 0 0.111111 0 0 2
0.091734 0.222222 0 0 0 0.111111 0 0.111111 0 0 2
0.092048 0 0 0 0 0.111111 0 0 0 0 2
0.092435 0.111111 0 0 0 0.111111 0 0 0 0 2
0.092726 0.222222 0 0 0 0.111111 0 0.111111 0 0 2
0.093289 0 0.111111 0.111111 0 0.111111 0 0 0 0 2
0.093295 0 0 0 0.222222 0.111111 0 0 0 0 2
0.09386 0.222222 0 0 0 0.111111 0 0.111111 0 0 2
0.09393 0.222222 0 0 0.111111 0.222222 0.333333 0 0 0 2
0.094219 0 0.111111 0 0.222222 0.111111 0 0.111111 0 0 2
0.0943 0.444444 0 0 0 0.111111 0 0.111111 0.111111 0 2
0.094308 0.333333 0 0 0 0.111111 0 0.111111 0 0 2
0.094344 0.222222 0 0 0 0.111111 0 0.222222 0 0 2
0.094474 0.222222 0 0 0 0.111111 0 0.111111 0 0 2
0.094733 0.444444 0 0 0 0.111111 0 0.111111 0 0 2
0.094995 0.444444 0.333333 0.444444 0 0.777778 0 0.222222 0.555556 0 2
0.095054 0 0 0 0 0.111111 0 0 0 0 2
0.095436 0 0 0 0 0.111111 0 0.111111 0 0 2
0.095436 0.333333 0 0 0 0.111111 0 0.222222 0 0 2
1 0 0 0.222222 0 0.111111 0 0.111111 0 0 2
0.095859 0 0 0.222222 0 0.111111 0 0.111111 0 0 2
0.09587 0.222222 0 0 0.222222 0.111111 0 0.111111 0 0 2
0.096031 0 0 0 0 0.111111 0 0 0 0 2
0.096045 0.444444 0.111111 0.111111 0.111111 0.111111 0 0 0 0.111111 2
0.096113 0.222222 0 0 0 0.111111 0 0.222222 0 0 2
0.09643 0.222222 0.111111 0 0.111111 0.111111 0 0.222222 0 0 2
0.09656 0.111111 0 0 0 0.111111 0 0.222222 0 0 2
0.09656 0.444444 0.222222 0.111111 0 0.222222 0 0 0 0 2
0.096592 0 0 0 0 0.111111 0 0.111111 0 0 2
0.097325 0.333333 0 0.333333 0 0.111111 0 0 0 0 2
0.097343 0 0 0.111111 0 0.111111 0 0.111111 0 0 2
0.097563 0.444444 0 0 0 0.111111 0 0 0 0 2
0.097563 0 0 0 0 0.111111 0 0 0 0 2
0.097609 0.111111 0 0 0 0.111111 0 0 0 0 2
0.097836 0.444444 0 0 0 0.111111 0 0.222222 0.111111 0 2
0.030261 0 0 0 0 0.111111 0 0 0 0 2
0.030261 0 0 0 0 0.111111 0 0 0 0 2
0.035312 0 0 0 0 0.111111 0 0 0 0 2
0.035473 0 0 0 0 0.111111 0 0 0 0 2
0.037686 0.222222 0 0 0 0.111111 0 0.111111 0.222222 0 2
0.040433 0.333333 0 0 0 0.111111 0 0 0 0 2
0.044271 0 0 0 0 0.111111 0 0 0 0.777778 2
0.044271 0 0 0 0.222222 0.111111 0 0 0 0 2
0.048713 0.222222 0 0 0 0.111111 0 0 0 0 2
0.052387 0.222222 0 0 0 0.111111 0 0.111111 0 0.111111 2
0.053393 0.222222 0 0 0 0.222222 0.111111 0 0 0 2
0.058251 0.111111 0 0 0 0.111111 0 0 0 0 2
