0.531646 0.387097 0.204082 0.014210 0.059649 1
0.607595 0.379032 0.295918 0.033748 0.115789 1
0.784810 0.500000 0.224490 0.023091 0.022807 1
0.556962 0.193548 0.142857 0.023091 0.038596 1
0.506329 0.274194 0.132653 0.024867 0.010526 1
0.506329 0.225806 0.193878 0.023091 0.135088 1
0.569620 0.399194 0.142857 0.026643 0.059649 1
0.620253 0.379032 0.224490 0.024867 0.112281 1
0.518987 0.358871 0.204082 0.024867 0.012281 1
0.531646 0.504032 0.091837 0.014210 0.066667 1
0.518987 0.149194 0.102041 0.026643 0.036842 1
0.569620 0.435484 0.214286 0.014210 0.070175 1
0.645570 0.350806 0.255102 0.015986 0.085965 1
0.594937 0.306452 0.173469 0.063943 0.047368 1
0.721519 0.370968 0.142857 0.014210 0.050877 1
0.556962 0.318548 0.193878 0.017762 0.075439 1
0.582278 0.318548 0.132653 0.012433 0.033333 1
0.620253 0.250000 0.132653 0.015986 0.073684 1
0.683544 0.407258 0.193878 0.021314 0.031579 1
0.632911 0.266129 0.112245 0.021314 0.047368 1
0.455696 0.294355 0.102041 0.015986 0.042105 1
0.481013 0.387097 0.112245 0.010657 0.014035 1
0.556962 0.399194 0.173469 0.005329 0.010526 1
0.468354 0.286290 0.163265 0.033748 0.056140 1
0.708861 0.387097 0.153061 0.021314 0.014035 1
0.443038 0.225806 0.224490 0.030195 0.078947 1
0.518987 0.366936 0.224490 0.015986 0.035088 1
0.645570 0.387097 0.204082 0.026643 0.026316 1
0.506329 0.427419 0.183673 0.015986 0.029825 1
0.569620 0.399194 0.163265 0.015986 0.052632 1
0.696203 0.318548 0.091837 0.023091 0.036842 1
0.645570 0.427419 0.183673 0.019538 0.052632 1
0.569620 0.294355 0.173469 0.035524 0.124561 1
0.316456 0.306452 0.142857 0.023091 0.031579 1
0.658228 0.471774 0.173469 0.019538 0.080702 1
0.658228 0.423387 0.122449 0.024867 0.049123 1
0.607595 0.342742 0.183673 0.030195 0.040351 1
0.518987 0.358871 0.132653 0.012433 0.021053 1
0.822785 0.362903 0.153061 0.005329 0.068421 1
0.443038 0.403226 0.224490 0.014210 0.045614 1
0.708861 0.387097 0.224490 0.012433 0.064912 1
0.569620 0.350806 0.142857 0.024867 0.017544 1
0.810127 0.459677 0.255102 0.019538 0.073684 1
0.708861 0.524194 0.132653 0.026643 0.021053 1
0.734177 0.306452 0.214286 0.015986 0.101754 1
0.531646 0.318548 0.163265 0.024867 0.026316 1
0.556962 0.383065 0.112245 0.030195 0.087719 1
0.696203 0.254032 0.173469 0.021314 0.045614 1
0.443038 0.362903 0.234694 0.021314 0.008772 1
0.670886 0.306452 0.173469 0.024867 0.252632 1
0.443038 0.435484 0.234694 0.010657 0.007018 1
0.481013 0.471774 0.102041 0.021314 0.059649 1
0.632911 0.306452 0.153061 0.008881 0.050877 1
0.683544 0.302419 0.183673 0.008881 0.068421 1
0.518987 0.358871 0.153061 0.014210 0.066667 1
0.620253 0.419355 0.193878 0.003552 0.036842 1
0.354430 0.338710 0.132653 0.012433 0.059649 1
0.696203 0.399194 0.193878 0.017762 0.043860 1
0.518987 0.435484 0.163265 0.014210 0.029825 1
0.569620 0.330645 0.173469 0.026643 0.089474 1
0.481013 0.306452 0.122449 0.007105 0.078947 1
0.455696 0.266129 0.204082 0.012433 0.050877 1
0.632911 0.399194 0.163265 0.026643 0.047368 1
0.645570 0.383065 0.153061 0.024867 0.087719 1
0.658228 0.350806 0.173469 0.024867 0.131579 1
0.518987 0.250000 0.132653 0.019538 0.080702 1
0.670886 0.403226 0.193878 0.010657 0.073684 1
0.405063 0.294355 0.112245 0.019538 0.028070 1
0.607595 0.427419 0.153061 0.012433 0.052632 1
0.493671 0.233871 0.183673 0.019538 0.082456 1
0.392405 0.358871 0.132653 0.015986 0.066667 1
0.696203 0.479839 0.224490 0.012433 0.045614 1
0.860759 0.370968 0.275510 0.012433 0.045614 1
0.772152 0.358871 0.214286 0.015986 0.082456 1
0.607595 0.322581 0.163265 0.012433 0.021053 1
0.556962 0.370968 0.122449 0.017762 0.049123 1
0.683544 0.500000 0.132653 0.021314 0.075439 1
0.455696 0.266129 0.142857 0.024867 0.040351 1
0.544304 0.399194 0.193878 0.021314 0.054386 1
0.658228 0.250000 0.204082 0.030195 0.129825 1
0.632911 0.596774 0.214286 0.033748 0.047368 1
0.329114 0.302419 0.153061 0.035524 0.092982 1
0.481013 0.322581 0.163265 0.031972 0.031579 1
0.417722 0.346774 0.122449 0.031972 0.007018 1
0.582278 0.294355 0.183673 0.030195 0.084211 1
0.531646 0.504032 0.132653 0.047957 0.042105 1
0.683544 0.439516 0.214286 0.037300 0.040351 1
0.721519 0.455645 0.255102 0.028419 0.052632 1
0.506329 0.306452 0.183673 0.031972 0.003509 1
0.556962 0.286290 0.112245 0.037300 0.045614 1
0.506329 0.362903 0.163265 0.026643 0.075439 1
0.594937 0.217742 0.153061 0.033748 0.035088 1
0.594937 0.362903 0.183673 0.019538 0.024561 1
0.417722 0.326613 0.142857 0.026643 0.117544 1
0.556962 0.479839 0.214286 0.028419 0.026316 1
0.620253 0.346774 0.244898 0.024867 0.038596 1
0.620253 0.427419 0.224490 0.033748 0.007018 1
0.569620 0.318548 0.122449 0.015986 0.045614 1
0.696203 0.266129 0.102041 0.024867 0.087719 1
0.544304 0.419355 0.102041 0.031972 0.029825 1
0.544304 0.330645 0.102041 0.037300 0.056140 1
0.645570 0.459677 0.163265 0.031972 0.038596 1
0.607595 0.443548 0.132653 0.031972 0.063158 1
0.506329 0.262097 0.132653 0.046181 0.087719 1
0.620253 0.318548 0.142857 0.026643 0.008772 1
0.620253 0.306452 0.142857 0.026643 0.021053 1
0.506329 0.427419 0.091837 0.012433 0.033333 1
0.531646 0.536290 0.132653 0.015986 0.045614 1
0.645570 0.443548 0.163265 0.023091 0.107018 1
0.468354 0.362903 0.122449 0.017762 0.040351 1
0.645570 0.629032 0.071429 0.021314 0.038596 1
0.670886 0.407258 0.163265 0.023091 0.064912 1
0.556962 0.338710 0.153061 0.015986 0.028070 1
0.569620 0.262097 0.081633 0.026643 0.087719 1
0.493671 0.366936 0.091837 0.021314 0.026316 1
0.506329 0.330645 0.132653 0.017762 0.038596 1
0.468354 0.322581 0.102041 0.021314 0.036842 1
0.594937 0.254032 0.153061 0.023091 0.070175 1
0.582278 0.322581 0.142857 0.017762 0.080702 1
0.582278 0.322581 0.142857 0.019538 0.147368 1
0.481013 0.274194 0.081633 0.010657 0.021053 1
0.417722 0.399194 0.142857 0.039076 0.000000 1
0.658228 0.294355 0.183673 0.015986 0.080702 1
0.582278 0.346774 0.153061 0.019538 0.084211 1
0.455696 0.233871 0.132653 0.014210 0.063158 1
0.518987 0.338710 0.051020 0.015986 0.052632 1
0.468354 0.318548 0.132653 0.012433 0.054386 1
0.632911 0.407258 0.061224 0.035524 0.092982 1
0.822785 0.383065 0.142857 0.014210 0.092982 1
0.455696 0.250000 0.112245 0.015986 0.112281 1
0.569620 0.233871 0.081633 0.012433 0.029825 1
0.481013 0.362903 0.275510 0.023091 0.010526 1
0.607595 0.294355 0.183673 0.017762 0.064912 1
0.594937 0.407258 0.142857 0.014210 0.010526 1
0.670886 0.241935 0.102041 0.019538 0.042105 1
0.556962 0.350806 0.163265 0.017762 0.089474 1
0.645570 0.294355 0.122449 0.017762 0.077193 1
0.784810 0.290323 0.163265 0.031972 0.124561 1
0.544304 0.241935 0.081633 0.014210 0.038596 1
0.544304 0.266129 0.112245 0.026643 0.050877 1
0.506329 0.209677 0.081633 0.014210 0.028070 1
0.417722 0.209677 0.020408 0.021314 0.061404 1
0.594937 0.241935 0.102041 0.019538 0.047368 1
0.670886 0.471774 0.132653 0.015986 0.052632 1
0.367089 0.282258 0.102041 0.021314 0.089474 1
0.772152 0.399194 0.153061 0.019538 0.073684 1
0.620253 0.282258 0.091837 0.026643 0.089474 1
0.582278 0.459677 0.214286 0.014210 0.078947 1
0.493671 0.225806 0.163265 0.007105 0.026316 1
0.468354 0.245968 0.102041 0.023091 0.035088 1
0.936709 0.641129 0.367347 0.017762 0.008772 2
0.582278 0.625000 0.193878 0.014210 0.010526 2
0.607595 0.673387 0.163265 0.015986 0.012281 2
0.000000 1.000000 0.571429 0.021314 0.015789 2
0.291139 0.951613 0.540816 0.012433 0.014035 2
0.000000 0.713710 1.000000 0.021314 0.014035 2
0.873418 0.641129 0.469388 0.008881 0.014035 2
0.569620 0.798387 0.357143 0.008881 0.015789 2
0.025316 0.919355 0.734694 0.030195 0.001754 2
0.379747 0.427419 0.255102 0.026643 0.007018 2
0.303797 0.556452 0.397959 0.007105 0.015789 2
0.303797 0.939516 0.530612 0.007105 0.014035 2
0.291139 0.500000 0.255102 0.000000 0.015789 2
0.506329 0.681452 0.142857 0.003552 0.019298 2
0.303797 0.790323 0.724490 0.017762 0.008772 2
0.430380 0.504032 0.346939 0.010657 0.010526 2
0.189873 0.907258 1.000000 0.014210 0.010526 2
0.303797 0.858871 0.704082 0.010657 0.010526 2
0.430380 0.504032 0.295918 0.007105 0.010526 2
0.037975 0.572581 0.775510 0.008881 0.008772 2
0.405063 0.552419 0.346939 0.024867 0.017544 2
0.240506 0.846774 0.255102 0.017762 0.001754 2
0.240506 0.725806 0.428571 0.017762 0.007018 2
0.417722 0.653226 0.418367 0.028419 0.015789 2
0.367089 0.806452 0.163265 0.023091 0.003509 2
0.430380 0.685484 0.173469 0.023091 0.017544 2
0.139241 1.000000 0.438776 0.019538 0.010526 2
0.569620 0.592742 0.173469 0.010657 0.008772 2
1.000000 0.879032 0.316327 0.021314 0.022807 2
0.506329 0.463710 0.316327 0.017762 0.012281 2
0.291139 0.645161 0.479592 0.012433 0.014035 2
0.405063 0.588710 0.163265 0.019538 0.008772 2
0.518987 0.520161 0.285714 0.017762 0.012281 2
0.177215 0.745968 0.540816 0.014210 0.017544 2
0.341772 0.427419 0.183673 0.010657 0.008772 2
0.759494 0.072581 0.071429 0.291297 0.178947 3
0.696203 0.254032 0.193878 0.182948 0.689474 3
0.544304 0.120968 0.040816 0.028419 0.036842 3
0.696203 0.100806 0.234694 0.019538 0.091228 3
0.683544 0.133065 0.091837 0.406750 0.112281 3
0.962025 0.205645 0.163265 0.161634 0.264912 3
0.810127 0.040323 0.040816 0.220249 0.063158 3
0.670886 0.125000 0.132653 0.204263 0.868421 3
0.696203 0.056452 0.051020 0.326821 0.433333 3
0.683544 0.012097 0.051020 1.000000 0.391228 3
0.734177 0.205645 0.091837 0.241563 1.000000 3
0.632911 0.233871 0.102041 0.081705 0.264912 3
0.772152 0.000000 0.000000 0.214920 0.166667 3
0.708861 0.169355 0.163265 0.197158 0.942105 3
0.835443 0.088710 0.061224 0.174067 0.094737 3
0.873418 0.060484 0.030612 0.214920 0.050877 3
0.962025 0.080645 0.112245 0.149201 0.143860 3
0.607595 0.185484 0.051020 0.101243 0.356140 3
0.898734 0.036290 0.010204 0.577265 0.159649 3
0.696203 0.116935 0.163265 0.131439 0.389474 3
0.759494 0.129032 0.091837 0.149201 0.466667 3
0.734177 0.056452 0.010204 0.403197 0.401754 3
0.594937 0.084677 0.051020 0.726465 0.345614 3
0.873418 0.056452 0.040816 0.325044 0.156140 3
0.683544 0.185484 0.091837 0.122558 0.728070 3
0.670886 0.241935 0.112245 0.028419 0.214035 3
0.936709 0.149194 0.051020 0.074600 0.122807 3
0.481013 0.185484 0.122449 0.019538 0.100000 3
0.405063 0.169355 0.091837 0.035524 0.233333 3
0.468354 0.193548 0.122449 0.021314 0.129825 3