0.076923 0.081481 0.020653 0.018587 0.197183 0.784530 0.001749 0.009467 0.025279 0.045040 1
0.067308 0.114815 0.025790 0.029316 0.277356 0.706077 0.002702 0.015553 0.028766 0.063907 1
0.067308 0.027778 0.006279 0.007392 0.196100 0.939227 0.000583 0.002512 0.009034 0.016433 1
0.230769 0.327778 0.230554 0.026498 0.447454 0.885083 0.036191 0.210008 0.315477 0.167377 1
0.067308 0.118519 0.026620 0.030248 0.243770 0.898343 0.003550 0.014490 0.036849 0.054169 1
0.086538 0.262963 0.073842 0.053291 0.301192 0.751381 0.006677 0.048396 0.087249 0.132075 1
0.048077 0.238889 0.040112 0.080782 0.190683 0.478453 0.005193 0.018354 0.032094 0.057821 1
0.048077 0.011111 0.001816 0.004284 0.277356 0.710497 0.006677 0.000676 0.001902 0.003043 1
0.067308 0.009259 0.002128 0.002728 0.322860 0.770166 0.010227 0.001063 0.002457 0.003043 1
0.067308 0.037037 0.008355 0.009725 0.219935 0.914917 0.001643 0.003864 0.011728 0.020085 1
0.048077 0.022222 0.003684 0.008015 0.222102 0.929282 0.002649 0.001449 0.005230 0.007912 1
0.076923 0.077778 0.019719 0.017759 0.213434 0.563536 0.003232 0.009563 0.017989 0.037736 1
0.038462 0.168519 0.023507 0.068591 0.227519 0.562431 0.001643 0.012075 0.021476 0.057821 1
0.057692 0.012963 0.002543 0.004194 0.322860 1.000000 0.002914 0.001352 0.003883 0.007304 1
0.076923 0.988889 0.249494 0.221751 0.044420 0.427624 0.001272 0.053999 0.183533 0.262325 1
0.067308 0.442593 0.099268 0.111877 0.126761 0.464088 0.001431 0.035355 0.077740 0.169203 1
0.115385 0.418519 0.152768 0.065090 0.161430 0.819890 0.010810 0.063852 0.195182 0.130250 1
0.096154 0.053704 0.016761 0.010105 0.327194 0.711602 0.010492 0.011399 0.018781 0.024346 1
0.057692 0.031481 0.006175 0.009523 0.252438 0.955801 0.001696 0.003091 0.009034 0.016433 1
0.057692 0.011111 0.002179 0.003661 0.292524 1.000000 0.001855 0.000966 0.003328 0.006695 1
0.076923 0.342593 0.086503 0.077050 0.089924 0.794475 0.001007 0.025213 0.107457 0.129032 1
0.057692 0.044444 0.008718 0.013255 0.121343 0.785635 0.000795 0.002512 0.010619 0.015825 1
0.076923 0.038889 0.009911 0.009049 0.124594 0.665193 0.001272 0.002995 0.010381 0.017042 1
0.067308 0.061111 0.013751 0.015788 0.318527 0.740331 0.005458 0.009080 0.015928 0.028606 1
0.057692 0.085185 0.016709 0.024983 0.265439 0.815470 0.003550 0.009563 0.021159 0.036519 1
0.009615 0.085185 0.004515 0.087622 0.100758 0.459668 0.000371 0.000869 0.003249 0.007912 1
0.076923 0.066667 0.016917 0.015270 0.499458 0.890608 0.009167 0.016615 0.023219 0.038344 1
0.076923 0.014815 0.003840 0.003661 0.264355 0.331492 0.063215 0.001835 0.001981 0.000609 1
0.067308 0.090741 0.020393 0.023252 0.355363 0.992265 0.004557 0.014973 0.030906 0.050517 1
0.086538 0.216667 0.060869 0.043962 0.216685 0.718232 0.005034 0.030912 0.069102 0.097991 1
0.076923 0.181481 0.045872 0.040977 0.328277 0.922652 0.004504 0.032071 0.065140 0.107121 1
0.144231 0.194444 0.087645 0.024651 0.124594 0.550276 0.002226 0.030719 0.079087 0.132075 1
0.086538 0.018519 0.005345 0.004034 0.448537 0.828729 0.018175 0.004540 0.006815 0.006695 1
0.105769 0.125926 0.042603 0.021386 0.349946 0.712707 0.012770 0.031298 0.048023 0.057212 1
0.105769 0.012963 0.004618 0.002418 0.582882 0.965746 0.025593 0.005023 0.006815 0.005478 1
0.067308 0.557407 0.125006 0.140797 0.145179 0.701657 0.001908 0.048590 0.139155 0.216068 1
0.105769 0.129630 0.043848 0.022009 0.600217 0.893923 0.029515 0.051294 0.060464 0.048691 1
0.067308 0.112963 0.025375 0.028849 0.152763 0.590055 0.002649 0.009757 0.024170 0.041388 1
0.173077 0.840741 0.448238 0.089290 0.004334 0.000000 0.171736 0.067233 0.064506 0.012173 1
0.086538 0.875926 0.245602 0.176807 0.119177 0.533702 0.002331 0.084911 0.216578 0.355447 1
0.096154 0.111111 0.034456 0.020621 0.235103 0.707182 0.006041 0.018354 0.038513 0.053561 1
0.057692 0.196296 0.038503 0.056970 0.209101 0.617680 0.002808 0.018837 0.038276 0.076080 1
0.076923 0.020370 0.005241 0.004903 0.618635 0.713812 0.047319 0.006086 0.005785 0.003652 1
0.086538 0.462963 0.129884 0.093592 0.110509 0.464088 0.001590 0.042697 0.101910 0.198418 1
0.057692 0.044444 0.008718 0.013255 0.294691 0.709392 0.006306 0.005216 0.009668 0.015825 1
0.076923 0.196296 0.049608 0.044294 0.318527 0.613260 0.008054 0.033810 0.049053 0.083384 1
0.096154 0.559259 0.172591 0.102716 0.080173 0.116022 0.034019 0.047817 0.052223 0.040170 1
0.067308 0.011111 0.002543 0.003194 0.342362 0.940331 0.004928 0.001449 0.003645 0.006086 1
0.067308 0.033333 0.007524 0.008792 0.386782 0.628729 0.010227 0.005699 0.007449 0.012781 1
0.057692 0.183333 0.035961 0.053239 0.223185 0.985635 0.003232 0.018451 0.054204 0.071211 1
0.096154 0.094444 0.029319 0.017568 0.200433 0.843094 0.003815 0.013814 0.038355 0.050517 1
0.067308 0.020370 0.004618 0.005527 0.412784 0.931492 0.008054 0.003574 0.006577 0.009738 1
0.105769 0.227778 0.076851 0.038488 0.241603 0.855249 0.004716 0.042504 0.101910 0.138162 1
0.086538 0.138889 0.039074 0.028289 0.265439 0.656354 0.004875 0.022991 0.040970 0.074254 1
0.048077 0.031481 0.005241 0.011124 0.248104 0.764641 0.001325 0.002512 0.006181 0.014607 1
0.250000 0.194444 0.148150 0.014579 0.199350 0.423204 0.023209 0.071484 0.107853 0.082775 1
0.057692 0.003704 0.000726 0.001530 0.535211 1.000000 0.015526 0.000483 0.001109 0.001217 1
0.076923 0.081481 0.020653 0.018587 0.400867 0.885083 0.011446 0.016808 0.028211 0.033475 1
0.067308 0.557407 0.125006 0.140797 0.145179 0.701657 0.001908 0.048590 0.139155 0.216068 1
0.057692 0.016667 0.003269 0.005262 0.334778 0.904972 0.005352 0.001932 0.004517 0.007304 1
0.057692 0.042593 0.008355 0.012725 0.213434 0.625414 0.002173 0.003767 0.008242 0.018259 1
0.057692 0.035185 0.006902 0.010590 0.419285 0.984530 0.006624 0.005603 0.010381 0.016433 1
0.105769 0.131481 0.044471 0.022319 0.604550 0.933702 0.025964 0.052357 0.063793 0.055386 1
0.086538 0.038889 0.011053 0.008139 0.325027 0.573481 0.007259 0.007342 0.010143 0.020085 1
0.086538 0.090741 0.025582 0.018587 0.568797 0.719337 0.023845 0.028400 0.029004 0.032258 1
0.076923 0.064815 0.016450 0.014856 0.514626 0.918232 0.012929 0.016615 0.023219 0.030432 1
0.105769 0.044444 0.015204 0.007702 0.263272 0.605525 0.008054 0.008597 0.014740 0.021911 1
0.019231 0.005556 0.000259 0.004903 0.910076 0.908287 0.052618 0.000386 0.000317 0.000000 1
0.038462 0.012963 0.001712 0.005900 0.322860 0.419890 0.073813 0.000773 0.000951 0.000000 1
0.048077 0.035185 0.005864 0.012367 0.260022 0.981215 0.002384 0.002995 0.008796 0.014607 1
0.067308 0.025926 0.005864 0.006926 0.385699 0.585635 0.008849 0.004347 0.005389 0.010956 1
0.076923 0.124074 0.031394 0.028125 0.279523 0.766851 0.006677 0.019127 0.037721 0.052952 1
0.086538 0.481481 0.135073 0.097324 0.208017 0.682873 0.003921 0.067040 0.146842 0.235545 1
0.038462 0.150000 0.020912 0.061127 0.307692 0.781215 0.005511 0.013621 0.025517 0.041996 1
0.096154 0.088889 0.027606 0.016553 0.288191 0.630939 0.017115 0.017195 0.027894 0.025563 1
0.086538 0.238889 0.067096 0.048440 0.407367 0.803315 0.009061 0.056221 0.084159 0.128424 1
0.076923 0.170370 0.043070 0.038488 0.197183 0.883978 0.003550 0.020286 0.058800 0.075472 1
0.067308 0.016667 0.003788 0.004594 0.404117 0.986740 0.003391 0.002801 0.005706 0.012173 1
0.048077 0.064815 0.010845 0.022319 0.468039 0.990055 0.004928 0.009950 0.016404 0.032867 1
0.057692 0.035185 0.006902 0.010590 0.280607 0.676243 0.006200 0.003864 0.007291 0.012173 1
0.057692 0.053704 0.010534 0.015923 0.282774 0.737017 0.002490 0.006182 0.012125 0.027389 1
0.067308 0.014815 0.003373 0.004127 0.412784 0.984530 0.005988 0.002512 0.005072 0.008521 1
0.057692 0.027778 0.005449 0.008460 0.255688 0.970166 0.003603 0.002705 0.008083 0.011564 1
0.067308 0.020370 0.004618 0.005527 0.345612 0.965746 0.003073 0.002995 0.006815 0.013390 1
0.096154 0.216667 0.066992 0.039958 0.413868 0.714917 0.019818 0.056897 0.075759 0.074863 1
0.086538 0.072222 0.020393 0.014856 0.277356 0.760221 0.003974 0.012172 0.024249 0.043822 1
0.057692 0.083333 0.016346 0.024449 0.300108 0.993370 0.002067 0.010336 0.024804 0.046865 1
0.019231 0.783333 0.065643 0.527317 0.498375 0.510497 0.718154 0.065301 0.055630 0.002435 1
0.048077 0.059259 0.009911 0.020453 0.244854 0.860774 0.002067 0.005120 0.013155 0.024346 1
0.057692 0.022222 0.004359 0.006859 0.309859 0.817680 0.002649 0.002512 0.005468 0.012173 1
0.105769 0.324074 0.109231 0.054661 0.243770 0.556906 0.008160 0.060858 0.099691 0.147900 1
0.086538 0.018519 0.005345 0.004034 0.330444 1.000000 0.002279 0.003381 0.008162 0.016433 1
0.057692 0.018519 0.003632 0.005791 0.071506 0.511602 0.002649 0.000386 0.002853 0.003652 1
0.057692 0.070370 0.013803 0.020718 0.190683 0.837569 0.001378 0.005989 0.017910 0.031041 1
0.076923 0.057407 0.014581 0.013199 0.243770 0.639779 0.005829 0.007728 0.014819 0.023737 1
0.076923 0.494444 0.124799 0.111049 0.059588 0.485083 0.000901 0.030139 0.101514 0.156421 1
0.057692 0.074074 0.014530 0.021785 0.377031 0.992265 0.004769 0.011109 0.022030 0.037127 1
0.096154 0.435185 0.134347 0.079991 0.300108 0.782320 0.009750 0.088196 0.164593 0.191722 1
0.057692 0.192593 0.037777 0.055903 0.054171 0.348066 0.001696 0.008308 0.023298 0.040170 1
0.096154 0.062963 0.019615 0.011803 0.296858 0.615470 0.006253 0.012365 0.019336 0.035910 1
0.067308 0.046296 0.010430 0.012057 0.317443 0.803315 0.003603 0.006762 0.012996 0.026172 1
0.076923 0.150000 0.037933 0.033928 0.380282 0.929282 0.006942 0.029849 0.054204 0.080341 1
0.067308 0.446296 0.100099 0.112810 0.167931 0.570166 0.003444 0.042794 0.093193 0.158856 1
0.067308 0.125926 0.028281 0.032114 0.088841 0.748066 0.001166 0.007825 0.033204 0.040779 1
0.067308 0.016667 0.003788 0.004594 0.404117 0.986740 0.003391 0.002801 0.005706 0.012173 1
0.067308 0.042593 0.009600 0.011124 0.198267 0.637569 0.004133 0.004154 0.009668 0.015825 1
0.096154 0.079630 0.024752 0.014856 0.250271 0.798895 0.004981 0.013717 0.030827 0.044431 1
0.067308 0.027778 0.006279 0.007392 0.347779 0.809945 0.008531 0.004250 0.007845 0.010956 1
0.067308 0.057407 0.012921 0.014856 0.344529 0.749171 0.005458 0.009080 0.015136 0.028606 1
0.086538 0.285185 0.080068 0.057769 0.276273 0.654144 0.007418 0.048976 0.083842 0.125989 1
0.057692 0.029630 0.005812 0.008993 0.280607 0.860774 0.003550 0.003188 0.007687 0.013390 1
0.105769 0.016667 0.005864 0.003038 0.395450 0.770166 0.022414 0.004444 0.006974 0.005478 1
0.057692 0.057407 0.011260 0.016986 0.250271 0.753591 0.000954 0.005989 0.013234 0.032867 1
0.038462 0.059259 0.008199 0.024558 0.323944 0.892818 0.001961 0.005313 0.011253 0.025563 1
0.076923 0.644444 0.162628 0.144633 0.052004 0.395580 0.001166 0.037384 0.112132 0.185636 1
0.076923 0.231481 0.058482 0.052172 0.421452 0.897238 0.009379 0.050328 0.080989 0.112599 1
0.067308 0.024074 0.005449 0.006459 0.399783 1.000000 0.005829 0.004154 0.008321 0.013390 1
0.057692 0.024074 0.004722 0.007392 0.270856 1.000000 0.002808 0.002415 0.007211 0.011564 1
0.076923 0.074074 0.018785 0.016930 0.321777 0.868508 0.006306 0.012655 0.025200 0.036519 1
0.057692 0.112963 0.022158 0.032980 0.341278 0.857459 0.004239 0.015746 0.029400 0.054778 1
0.105769 0.214815 0.072492 0.036312 0.188516 0.596685 0.004186 0.033423 0.070053 0.115033 1
0.115385 0.814815 0.297130 0.126516 0.321777 0.585635 0.018864 0.206434 0.283303 0.281193 1
0.048077 0.031481 0.005241 0.011124 0.498375 0.979006 0.008319 0.004927 0.007845 0.012781 1
0.067308 0.083333 0.018733 0.021386 0.204767 0.874033 0.004133 0.008791 0.025279 0.031649 1
0.076923 0.305556 0.077163 0.068755 0.213434 0.564641 0.004292 0.038833 0.071163 0.131467 1
0.086538 0.005556 0.001712 0.001422 0.295775 0.889503 0.003603 0.000676 0.002298 0.004260 1
0.057692 0.353704 0.069379 0.102283 0.063922 0.320442 0.001537 0.017002 0.040494 0.081558 1
0.067308 0.011111 0.002543 0.003194 0.438787 0.940331 0.007312 0.001932 0.003645 0.006086 1
0.038462 0.033333 0.004566 0.014109 0.463705 0.779006 0.005882 0.003961 0.005468 0.012781 1
0.076923 0.035185 0.008977 0.008221 0.199350 0.576796 0.003232 0.003864 0.008242 0.016433 1
0.086538 0.377778 0.106014 0.076427 0.329361 0.677348 0.010439 0.074768 0.114431 0.155813 1
0.076923 0.083333 0.021120 0.019001 0.230769 0.820994 0.005882 0.010916 0.026943 0.032867 1
0.076923 0.088889 0.022521 0.020244 0.557963 0.997790 0.010068 0.024536 0.034313 0.052952 1
0.057692 0.053704 0.010534 0.015923 0.241603 0.874033 0.001908 0.005410 0.014185 0.026172 1
0.125000 0.503704 0.197966 0.072695 0.320693 0.669613 0.018652 0.136882 0.211903 0.188071 1
0.028846 0.209259 0.023299 0.106280 0.342362 0.975691 0.004027 0.016615 0.034789 0.059038 1
0.057692 0.098148 0.019252 0.028715 0.455038 0.833149 0.012452 0.017485 0.024883 0.032867 1
0.057692 0.068519 0.013440 0.020188 0.360780 0.900553 0.003974 0.009853 0.018623 0.035910 1
0.211538 0.046296 0.030668 0.004146 0.217768 0.955801 0.003868 0.015359 0.044932 0.055386 1
0.105769 0.022222 0.007732 0.003970 0.319610 0.979006 0.006624 0.004927 0.011570 0.014607 1
0.048077 0.035185 0.005864 0.012367 0.196100 0.972376 0.001166 0.002318 0.008717 0.013999 1
0.067308 0.050000 0.011260 0.012990 0.356446 0.753591 0.005299 0.008114 0.013234 0.026172 1
0.115385 0.222222 0.081262 0.034663 0.323944 0.657459 0.014042 0.056414 0.085506 0.096166 1
0.096154 0.377778 0.116652 0.069471 0.318527 0.687293 0.010280 0.080178 0.127506 0.168594 1
0.057692 0.259259 0.050854 0.075095 0.089924 0.731492 0.000530 0.014587 0.058642 0.081558 1
0.048077 0.027778 0.004618 0.009881 0.300108 1.000000 0.002173 0.002608 0.007053 0.013390 1
0.048077 0.081481 0.013647 0.027916 0.410618 0.963536 0.003020 0.011206 0.020128 0.045040 1
0.115385 0.596296 0.217529 0.092645 0.193933 0.510497 0.007047 0.103265 0.184880 0.272672 1
0.048077 0.090741 0.015204 0.031025 0.270856 0.654144 0.004928 0.008791 0.015770 0.029215 1
0.067308 0.331481 0.074360 0.083890 0.147346 0.772376 0.001696 0.028883 0.090023 0.133293 1
0.067308 0.038889 0.008770 0.010191 0.267606 0.899448 0.003762 0.004830 0.012125 0.018868 1
0.067308 0.064815 0.014581 0.016721 0.412784 0.953591 0.005246 0.012075 0.021317 0.038344 1
0.067308 0.005556 0.001297 0.001795 0.322860 1.000000 0.002279 0.000483 0.001981 0.004260 1
0.048077 0.240741 0.040423 0.081401 0.031419 0.415470 0.001643 0.007342 0.028766 0.035910 1
0.067308 0.007407 0.001712 0.002261 0.377031 1.000000 0.002543 0.000966 0.002615 0.006086 1
0.076923 0.333333 0.084168 0.074975 0.322860 0.710497 0.009697 0.058346 0.094698 0.127815 1
0.038462 0.001852 0.000156 0.001422 0.674973 0.668508 0.031422 0.000000 0.000000 0.000000 1
0.057692 0.035185 0.006902 0.010590 0.164680 0.849724 0.000636 0.002415 0.009034 0.015825 1
0.038462 0.016667 0.002231 0.007392 0.306609 1.000000 0.001166 0.001063 0.003408 0.007912 1
0.000000 0.016667 0.000156 0.037245 0.783315 1.000000 0.015526 0.000097 0.000238 0.000609 1
0.096154 0.038889 0.012194 0.007392 0.569881 0.790055 0.039847 0.013427 0.014977 0.009738 1
0.134615 0.774074 0.325774 0.104164 0.290358 0.476243 0.018175 0.208945 0.261669 0.292757 1
0.086538 0.153704 0.043226 0.031275 0.218852 0.885083 0.003073 0.021928 0.059117 0.085819 1
0.221154 0.570370 0.384464 0.047974 0.914410 0.982320 0.087113 0.658907 0.577542 0.236762 1
0.096154 0.185185 0.057288 0.034193 0.347779 0.876243 0.008955 0.042021 0.077661 0.096774 1
0.067308 0.066667 0.014997 0.017188 0.341278 0.727072 0.004557 0.010529 0.017117 0.035910 1
0.076923 0.085185 0.021587 0.019416 0.318527 0.850829 0.008902 0.014490 0.028449 0.034084 1
0.067308 0.038889 0.008770 0.010191 0.353196 1.000000 0.005087 0.006182 0.013393 0.020694 1
0.096154 0.077778 0.024181 0.014516 0.278440 0.861878 0.007418 0.014587 0.032253 0.038344 1
0.057692 0.062963 0.012350 0.018587 0.243770 0.932597 0.002173 0.006472 0.017672 0.029823 1
0.048077 0.183333 0.030772 0.062124 0.290358 0.773481 0.003232 0.019320 0.037245 0.074254 1
0.019231 0.003704 0.000104 0.003661 0.879740 0.877348 0.036721 0.000097 0.000079 0.000000 1
0.067308 0.387037 0.086814 0.097884 0.109426 0.428729 0.001961 0.028207 0.063713 0.125989 1
0.038462 0.048148 0.006642 0.020080 0.574215 0.992265 0.006730 0.007245 0.010064 0.020694 1
0.076923 0.300000 0.075762 0.067512 0.201517 0.501657 0.009273 0.036611 0.063238 0.082775 1
0.086538 0.031481 0.008977 0.006646 0.512459 0.619889 0.034708 0.008887 0.008796 0.007304 1
0.057692 0.024074 0.004722 0.007392 0.237270 0.763536 0.009697 0.002125 0.005547 0.005478 1
0.086538 0.062963 0.017799 0.012990 0.253521 0.690608 0.004292 0.009853 0.019415 0.034693 1
0.086538 0.053704 0.015204 0.011124 0.277356 0.922652 0.003815 0.008984 0.021555 0.033475 1
0.076923 0.070370 0.017851 0.016098 0.193933 0.666298 0.003020 0.008018 0.018860 0.032867 1
0.096154 0.159259 0.049297 0.029442 0.190683 0.626519 0.004345 0.022701 0.049687 0.077298 1
0.067308 0.350000 0.078512 0.088555 0.044420 0.580110 0.000742 0.016615 0.074174 0.089470 1
0.086538 0.198148 0.055680 0.040230 0.238353 0.813260 0.004080 0.030332 0.070529 0.105295 1
0.067308 0.035185 0.007939 0.009258 0.201517 0.572376 0.004928 0.003381 0.007211 0.012173 1
0.067308 0.009259 0.002128 0.002728 0.322860 1.000000 0.003020 0.001063 0.003249 0.006086 1
0.086538 0.020370 0.005864 0.004407 0.512459 0.861878 0.019288 0.005699 0.007766 0.007912 1
0.105769 0.012963 0.004618 0.002418 0.243770 1.000000 0.009697 0.002125 0.007053 0.005478 1
0.067308 0.137037 0.030772 0.034913 0.374865 0.856354 0.010333 0.023860 0.040811 0.050517 1
0.057692 0.127778 0.025064 0.037245 0.318527 0.967956 0.004398 0.016905 0.037166 0.057821 1
0.153846 0.201852 0.096674 0.024076 0.106176 0.561326 0.002067 0.031009 0.088834 0.135727 1
0.076923 0.303704 0.076696 0.068341 0.281690 0.682873 0.007789 0.047720 0.083366 0.119294 1
0.048077 0.151852 0.025479 0.051548 0.273023 0.804420 0.002702 0.015166 0.031936 0.062690 1
0.067308 0.087037 0.019563 0.022319 0.243770 0.904972 0.003656 0.010529 0.027260 0.039562 1
0.067308 0.025926 0.005864 0.006926 0.412784 0.898343 0.007577 0.004637 0.008083 0.012781 1
0.076923 0.183333 0.046339 0.041391 0.215601 0.830939 0.004451 0.023281 0.059830 0.078515 1
0.067308 0.044444 0.010015 0.011590 0.312026 0.701657 0.004027 0.006376 0.011015 0.023737 1
0.096154 0.338889 0.104665 0.062348 0.409534 0.734807 0.019341 0.088196 0.121404 0.118077 1
0.076923 0.070370 0.017851 0.016098 0.175515 0.584530 0.002437 0.007438 0.016800 0.032867 1
0.067308 0.027778 0.006279 0.007392 0.407367 0.646409 0.009697 0.004927 0.006340 0.011564 1
0.067308 0.116667 0.026205 0.029782 0.280607 0.829834 0.005564 0.015939 0.033759 0.048691 1
0.076923 0.192593 0.048674 0.043466 0.278440 0.855249 0.005935 0.029849 0.064506 0.087036 1
0.057692 0.068519 0.013440 0.020188 0.365114 0.829834 0.007259 0.009950 0.017276 0.026780 1
0.076923 0.029630 0.007576 0.006978 0.497291 0.906077 0.027766 0.007245 0.010540 0.007304 1
0.057692 0.011111 0.002179 0.003661 0.336945 0.932597 0.004398 0.001159 0.003091 0.005478 1
0.076923 0.494444 0.124799 0.111049 0.059588 0.485083 0.000901 0.030139 0.101514 0.156421 1
0.057692 0.068519 0.013440 0.020188 0.270856 0.945856 0.001643 0.007728 0.019494 0.037736 1
0.057692 0.029630 0.005812 0.008993 0.280607 0.860774 0.003550 0.003188 0.007687 0.013390 1
0.096154 0.112963 0.035027 0.020960 0.299025 0.756906 0.011340 0.022604 0.041604 0.045040 1
0.067308 0.064815 0.014581 0.016721 0.582882 0.931492 0.011393 0.016422 0.020842 0.032867 1
0.086538 0.090741 0.025582 0.018587 0.206934 0.739227 0.004610 0.012268 0.029717 0.041388 1
0.086538 0.159259 0.044782 0.032394 0.289274 0.890608 0.006359 0.028207 0.061574 0.079732 1
0.057692 0.024074 0.004722 0.007392 0.237270 0.887293 0.002861 0.002125 0.006419 0.010347 1
0.076923 0.112963 0.028592 0.025636 0.293608 0.855249 0.006147 0.018064 0.037879 0.052343 1
0.057692 0.157407 0.030875 0.045776 0.221018 0.953591 0.002543 0.015649 0.045170 0.065733 1
0.076923 0.057407 0.014581 0.013199 0.210184 0.551381 0.006147 0.006859 0.012996 0.020694 1
0.057692 0.175926 0.034508 0.051104 0.256771 0.986740 0.003709 0.019706 0.052064 0.071820 1
0.038462 0.012963 0.001712 0.005900 0.512459 0.944751 0.004027 0.001449 0.002457 0.006695 1
0.067308 0.046296 0.010430 0.012057 0.176598 0.517127 0.007577 0.004154 0.008717 0.011564 1
0.048077 0.175926 0.029526 0.059635 0.200433 0.825414 0.002331 0.013910 0.037879 0.060256 1
0.048077 0.051852 0.008666 0.017964 0.277356 0.777901 0.002437 0.004927 0.010460 0.022520 1
0.038462 0.038889 0.005345 0.016348 0.497291 0.899448 0.005935 0.005023 0.007370 0.015825 1
0.067308 0.238889 0.053604 0.060568 0.306609 0.862983 0.006041 0.035452 0.071638 0.102252 1
0.057692 0.020370 0.003996 0.006325 0.342362 0.657459 0.006836 0.002512 0.004042 0.007912 1
0.076923 0.040741 0.010378 0.009467 0.147346 0.455249 0.002649 0.003574 0.007766 0.016433 1
0.086538 0.329630 0.092522 0.066725 0.133261 0.732597 0.001802 0.033906 0.106902 0.153987 1
0.086538 0.094444 0.026620 0.019333 0.239437 0.725967 0.005405 0.014297 0.030430 0.044431 1
0.067308 0.025926 0.005864 0.006926 0.458288 1.000000 0.005670 0.005120 0.008955 0.016433 1
0.076923 0.007407 0.001972 0.002004 0.326111 0.925967 0.009326 0.000966 0.002774 0.003043 1
0.096154 0.055556 0.017332 0.010445 0.266522 0.812155 0.005352 0.009950 0.021872 0.031649 1
0.067308 0.020370 0.004618 0.005527 0.345612 0.919337 0.003073 0.002995 0.006498 0.013390 1
0.067308 0.059259 0.013336 0.015322 0.339112 0.970166 0.003444 0.009274 0.019811 0.035910 1
0.076923 0.170370 0.043070 0.038488 0.217768 0.830939 0.003126 0.021832 0.055630 0.084601 1
0.019231 0.003704 0.000104 0.003661 0.879740 0.877348 0.036721 0.000097 0.000079 0.000000 1
0.067308 0.107407 0.024130 0.027450 0.419285 0.983425 0.008849 0.020479 0.036294 0.048083 1
0.067308 0.075926 0.017072 0.019520 0.374865 0.976796 0.006889 0.013041 0.025517 0.035910 1
0.125000 0.524074 0.205957 0.075628 0.172264 0.666298 0.006200 0.089934 0.219510 0.254413 1
0.057692 0.033333 0.006538 0.010057 0.347779 0.867403 0.004027 0.004444 0.008717 0.017042 1
0.038462 0.007407 0.000934 0.003661 0.306609 1.000000 0.001166 0.000193 0.001426 0.003652 1
0.067308 0.042593 0.009600 0.011124 0.136511 0.522652 0.003338 0.003091 0.008083 0.013390 1
0.076923 0.988889 0.249494 0.221751 0.085590 0.655249 0.001484 0.071967 0.261907 0.337188 1
0.192308 0.194444 0.115147 0.018766 0.063922 0.332597 0.004875 0.028497 0.069261 0.091905 1
0.153846 0.175926 0.084324 0.021001 0.313109 0.640884 0.021619 0.056994 0.086695 0.069994 1
0.009615 0.033333 0.001609 0.035379 0.115926 0.766851 0.001749 0.000000 0.001823 0.002435 1
0.067308 0.196296 0.044056 0.049839 0.332611 0.845304 0.005564 0.031105 0.057770 0.093731 1
0.067308 0.029630 0.006694 0.007859 0.251354 0.641989 0.006677 0.003381 0.006736 0.010347 1
0.134615 0.055556 0.023766 0.007642 0.137595 0.408840 0.015314 0.008501 0.016562 0.013999 1
0.067308 0.359259 0.080587 0.090887 0.106176 0.961326 0.000901 0.025696 0.118789 0.133901 1
0.067308 0.042593 0.009600 0.011124 0.271939 0.585635 0.003603 0.005410 0.008955 0.021302 1
0.076923 0.187037 0.047273 0.042219 0.111593 0.733702 0.000689 0.015263 0.054679 0.082775 1
0.076923 0.057407 0.014581 0.013199 0.274106 0.877348 0.003815 0.008501 0.019732 0.031649 1
0.048077 0.022222 0.003684 0.008015 0.291441 0.829834 0.008637 0.001932 0.004675 0.005478 1
0.067308 0.079630 0.017903 0.020453 0.443120 0.946961 0.009962 0.015842 0.025993 0.034693 1
0.076923 0.129630 0.032795 0.029368 0.297942 0.886188 0.004769 0.021059 0.044853 0.068777 1
0.057692 0.024074 0.004722 0.007392 0.270856 0.932597 0.004292 0.002415 0.006736 0.009738 1
0.125000 0.068519 0.027243 0.010057 0.180932 0.435359 0.009962 0.011882 0.020049 0.026172 1
0.076923 0.151852 0.038400 0.034342 0.229686 0.724862 0.004557 0.020189 0.043902 0.067559 1
0.086538 0.122222 0.034404 0.024931 0.231853 0.612155 0.005829 0.018161 0.033917 0.054169 1
0.076923 0.062963 0.015983 0.014441 0.201517 0.632044 0.009485 0.007342 0.016087 0.017042 1
0.086538 0.031481 0.008977 0.006646 0.512459 0.619889 0.034708 0.008887 0.008796 0.007304 1
0.076923 0.092593 0.023455 0.021076 0.237270 0.763536 0.006730 0.012461 0.028053 0.034693 1
0.067308 0.033333 0.007524 0.008792 0.315276 0.672928 0.006677 0.004733 0.007925 0.013999 1
0.067308 0.011111 0.002543 0.003194 0.419285 1.000000 0.006836 0.001835 0.003883 0.006086 1
0.076923 0.185185 0.046806 0.041805 0.395450 0.846409 0.008531 0.038157 0.061495 0.090688 1
0.067308 0.285185 0.063982 0.072229 0.313109 0.960221 0.003020 0.043180 0.094144 0.167377 1
0.048077 0.042593 0.007109 0.014856 0.232936 0.754696 0.001484 0.003381 0.008321 0.018259 1
0.067308 0.938889 0.210524 0.236886 0.016251 0.329282 0.001113 0.035259 0.126159 0.175898 1
0.086538 0.111111 0.031291 0.022692 0.230769 0.620995 0.005776 0.016422 0.031223 0.049300 1
0.086538 0.040741 0.011572 0.008512 0.199350 0.764641 0.003656 0.005120 0.013789 0.020085 1
0.067308 0.118519 0.026620 0.030248 0.208017 0.696133 0.001749 0.012848 0.029321 0.060256 1
0.086538 0.096296 0.027139 0.019707 0.284940 0.889503 0.003974 0.016712 0.037245 0.059647 1
0.067308 0.053704 0.012091 0.013923 0.237270 0.848619 0.005405 0.006182 0.015849 0.020085 1
0.096154 0.155556 0.048155 0.028763 0.187432 0.628729 0.003497 0.021928 0.048657 0.081558 1
0.067308 0.044444 0.010015 0.011590 0.333694 0.574586 0.008902 0.006762 0.009192 0.016433 1
0.057692 0.277778 0.054486 0.080424 0.000000 0.374586 0.001378 0.007148 0.035819 0.036519 1
0.096154 0.098148 0.030460 0.018248 0.258938 0.665193 0.005299 0.017485 0.032253 0.054778 1
0.182692 0.033333 0.019356 0.003474 0.452871 0.682873 0.060725 0.017485 0.020921 0.008521 1
0.067308 0.046296 0.010430 0.012057 0.374865 0.835359 0.007259 0.007825 0.013472 0.021302 1
0.307692 0.294444 0.273624 0.018020 0.153846 0.324862 0.027925 0.110800 0.162216 0.110164 1
0.067308 0.057407 0.012921 0.014856 0.344529 0.749171 0.005458 0.009080 0.015136 0.028606 1
0.221154 0.342593 0.231280 0.028849 0.463705 0.987845 0.033542 0.217253 0.349156 0.185027 1
0.086538 0.012963 0.003788 0.002914 0.485374 0.861878 0.031422 0.003381 0.004992 0.003043 1
0.067308 0.190741 0.042810 0.048440 0.539545 0.856354 0.013989 0.045498 0.056819 0.077906 1
0.086538 0.161111 0.045301 0.032767 0.185265 0.436464 0.005776 0.020383 0.033600 0.060864 1
0.096154 0.011111 0.003632 0.002302 0.563380 1.000000 0.024799 0.003767 0.005547 0.004260 1
0.086538 0.068519 0.019356 0.014109 0.384615 0.932597 0.009061 0.015166 0.027736 0.035301 1
0.096154 0.051852 0.016190 0.009766 0.358613 0.740331 0.010757 0.011882 0.018781 0.024954 1
0.057692 0.033333 0.006538 0.010057 0.291441 0.825414 0.003709 0.003767 0.008321 0.015216 1
0.105769 0.038889 0.013336 0.006769 0.531961 0.819890 0.034072 0.013814 0.016959 0.011564 1
0.076923 0.064815 0.016450 0.014856 0.297942 0.785635 0.003603 0.010336 0.020128 0.038953 1
0.086538 0.020370 0.005864 0.004407 0.314193 1.000000 0.003285 0.003574 0.008955 0.015216 1
0.076923 0.022222 0.005708 0.005318 0.315276 1.000000 0.008584 0.003478 0.008717 0.009130 1
0.076923 0.311111 0.078564 0.070001 0.299025 0.714917 0.007736 0.051198 0.088914 0.128424 1
0.076923 0.007407 0.001972 0.002004 0.686891 0.877348 0.050869 0.002415 0.002615 0.001217 1
0.086538 0.072222 0.020393 0.014856 0.277356 0.760221 0.003974 0.012172 0.024249 0.043822 1
0.086538 0.064815 0.018318 0.013363 0.314193 0.766851 0.006412 0.012075 0.021951 0.034693 1
0.096154 0.038889 0.012194 0.007392 0.569881 0.876243 0.039847 0.013427 0.016483 0.009738 1
0.028846 0.014815 0.001505 0.008325 0.368364 1.000000 0.003179 0.000773 0.002298 0.004869 1
0.067308 0.051852 0.011676 0.013456 0.407367 0.995580 0.005458 0.009467 0.017751 0.029823 1
0.086538 0.944444 0.264802 0.190614 0.069339 0.493923 0.001537 0.068972 0.219114 0.323189 1
0.067308 0.233333 0.052358 0.059168 0.256771 0.806630 0.004822 0.030139 0.065853 0.097383 1
0.086538 0.062963 0.017799 0.012990 0.281690 0.680663 0.008213 0.010723 0.019177 0.026780 1
0.086538 0.085185 0.024026 0.017468 0.282774 0.666298 0.006518 0.014683 0.025438 0.041388 1
0.028846 0.466667 0.052151 0.235953 0.056338 0.624309 0.001802 0.011978 0.052381 0.055995 1
0.086538 0.031481 0.008977 0.006646 0.566631 0.827624 0.032482 0.009757 0.011491 0.008521 1
0.038462 0.007407 0.000934 0.003661 0.479957 1.000000 0.005829 0.000580 0.001426 0.003043 1
0.057692 0.024074 0.004722 0.007392 0.182015 0.853039 0.004133 0.001642 0.006181 0.007304 1
0.076923 0.079630 0.020186 0.018173 0.196100 0.562431 0.001643 0.009177 0.018385 0.044431 1
0.115385 0.764815 0.278917 0.118766 0.303359 0.616575 0.010651 0.184699 0.277914 0.378576 1
0.057692 0.038889 0.007628 0.011658 0.184182 0.870718 0.000636 0.002995 0.010223 0.018868 1
0.076923 0.337037 0.085102 0.075804 0.152763 0.558011 0.001855 0.034003 0.077819 0.152769 1
0.076923 0.181481 0.045872 0.040977 0.440953 0.945856 0.007683 0.040958 0.066566 0.103469 1
0.086538 0.031481 0.008977 0.006646 0.235103 0.870718 0.004716 0.004444 0.012045 0.015825 1
0.086538 0.483333 0.135592 0.097697 0.122427 0.559116 0.001325 0.047527 0.124257 0.228850 1
0.057692 0.322222 0.063204 0.093219 0.281690 0.990055 0.004239 0.039219 0.095649 0.133901 1
0.048077 0.029630 0.004930 0.010501 0.235103 0.848619 0.000424 0.002222 0.006419 0.015216 1
0.076923 0.990741 0.249961 0.222169 0.121343 0.793370 0.001643 0.087519 0.310405 0.402313 1
0.048077 0.046296 0.007732 0.016098 0.284940 0.971271 0.001378 0.004444 0.011491 0.023737 1
0.086538 0.459259 0.128846 0.092846 0.417118 0.825414 0.013035 0.110510 0.165623 0.197809 1
0.057692 0.074074 0.014530 0.021785 0.377031 0.992265 0.004769 0.011109 0.022030 0.037127 1
0.057692 0.248148 0.048674 0.071897 0.135428 0.703867 0.001908 0.017774 0.054283 0.080949 1
0.086538 0.055556 0.015723 0.011497 0.273023 0.946961 0.005352 0.009177 0.022823 0.029215 1
0.038462 0.018519 0.002491 0.008139 0.566631 0.798895 0.008902 0.002512 0.003011 0.006695 1
0.076923 0.987037 0.249027 0.221337 0.068256 0.467403 0.001325 0.064142 0.196846 0.307973 1
0.076923 0.101852 0.025790 0.023147 0.128927 0.576796 0.000901 0.008887 0.024091 0.048083 1
0.125000 0.625926 0.245914 0.090286 0.185265 0.499447 0.007259 0.112828 0.205167 0.292149 1
0.086538 0.090741 0.025582 0.018587 0.427952 0.792265 0.008849 0.022121 0.031619 0.051735 1
0.076923 0.012963 0.003373 0.003246 0.698808 0.770166 0.063215 0.004347 0.003962 0.001826 1
0.067308 0.079630 0.017903 0.020453 0.366197 0.943646 0.005246 0.013427 0.025913 0.042605 1
0.000000 0.162963 0.004255 0.332042 0.099675 1.000000 0.000000 0.000773 0.006498 0.007912 1
0.076923 0.061111 0.015516 0.014027 0.313109 0.829834 0.006942 0.010143 0.019970 0.027998 1
0.076923 0.068519 0.017384 0.015684 0.145179 0.514917 0.006253 0.006279 0.014660 0.018868 1
0.057692 0.083333 0.016346 0.024449 0.245937 0.959116 0.008001 0.008791 0.024011 0.022520 1
0.057692 0.055556 0.010897 0.016456 0.261105 0.822099 0.001484 0.005989 0.013868 0.030432 1
0.076923 0.131481 0.033262 0.029782 0.177681 0.500552 0.002861 0.014393 0.027577 0.058430 1
0.057692 0.272222 0.053396 0.078826 0.115926 0.796685 0.000689 0.017774 0.066408 0.096166 1
0.057692 0.068519 0.013440 0.020188 0.185265 0.950276 0.001325 0.005699 0.019574 0.029823 1
0.076923 0.525926 0.132738 0.118098 0.282774 0.740331 0.007153 0.082979 0.154846 0.217285 1
0.076923 0.153704 0.038867 0.034756 0.273023 0.593370 0.005352 0.023377 0.037325 0.072428 1
0.048077 0.174074 0.029215 0.059012 0.213434 0.761326 0.004769 0.014393 0.034868 0.047474 1
0.028846 0.009259 0.000882 0.005527 0.368364 0.447514 0.047319 0.000290 0.000396 0.000000 1
0.076923 0.985185 0.248560 0.220922 0.097508 0.549171 0.001431 0.076507 0.224582 0.362142 1
0.076923 0.112963 0.028592 0.025636 0.353196 0.629834 0.011604 0.021059 0.028845 0.041388 1
0.067308 0.040741 0.009185 0.010657 0.293608 0.693923 0.004928 0.005506 0.009985 0.018868 1
0.057692 0.035185 0.006902 0.010590 0.450704 0.976796 0.003974 0.005989 0.010302 0.022520 1
0.182692 0.033333 0.019356 0.003474 0.452871 0.682873 0.060725 0.017485 0.020921 0.008521 1
0.048077 0.029630 0.004930 0.010501 0.330444 0.945856 0.002967 0.003091 0.007132 0.013999 1
0.067308 0.033333 0.007524 0.008792 0.251354 0.977901 0.002384 0.003864 0.011253 0.018259 1
0.057692 0.022222 0.004359 0.006859 0.381365 0.939227 0.005193 0.003091 0.006260 0.010956 1
0.076923 0.094444 0.023922 0.021490 0.136511 0.586740 0.001643 0.008501 0.022664 0.041388 1
0.048077 0.070370 0.011779 0.024185 0.244854 0.711602 0.002702 0.006182 0.013155 0.026780 1
0.057692 0.024074 0.004722 0.007392 0.447454 0.932597 0.007736 0.003961 0.006736 0.010956 1
0.076923 0.020370 0.005241 0.004903 0.378115 1.000000 0.003020 0.003767 0.008004 0.016433 1
0.057692 0.033333 0.006538 0.010057 0.347779 0.867403 0.004027 0.004444 0.008717 0.017042 1
0.057692 0.055556 0.010897 0.016456 0.280607 0.816575 0.002384 0.006376 0.013789 0.028606 1
0.057692 0.040741 0.007991 0.012191 0.273023 0.828729 0.003126 0.004444 0.010223 0.018868 1
0.067308 0.020370 0.004618 0.005527 0.356446 0.885083 0.004186 0.003091 0.006260 0.012173 1
0.057692 0.035185 0.006902 0.010590 0.195016 0.866298 0.000318 0.002801 0.009192 0.018868 1
0.076923 0.198148 0.050075 0.044708 0.157096 0.754696 0.003497 0.020189 0.059355 0.075472 1
0.076923 0.103704 0.026257 0.023561 0.225352 0.900553 0.001696 0.013427 0.036453 0.063299 1
0.153846 0.744444 0.355145 0.088391 0.294691 0.470718 0.023103 0.230004 0.282194 0.267194 1
0.057692 0.692593 0.135852 0.199835 0.016251 0.367956 0.000742 0.022604 0.088517 0.121120 1
0.067308 0.020370 0.004618 0.005527 0.345612 0.723757 0.006942 0.002995 0.005151 0.009130 1
0.067308 0.046296 0.010430 0.012057 0.317443 0.803315 0.003603 0.006762 0.012996 0.026172 1
0.057692 0.057407 0.011260 0.016986 0.211268 0.847514 0.002437 0.005216 0.014740 0.023737 1
0.076923 0.196296 0.049608 0.044294 0.322860 0.846409 0.004610 0.034196 0.065140 0.112599 1
0.230769 0.912963 0.640496 0.073666 0.417118 0.922652 0.033277 0.550618 0.909343 0.471698 1
0.067308 0.059259 0.013336 0.015322 0.322860 0.812155 0.004398 0.008887 0.016800 0.031041 1
0.057692 0.014815 0.002906 0.004728 0.277356 0.946961 0.001749 0.001352 0.004200 0.008521 1
0.096154 0.101852 0.031602 0.018927 0.334778 0.668508 0.010704 0.022315 0.033600 0.046257 1
0.096154 0.140741 0.043589 0.026050 0.290358 0.860774 0.007206 0.027531 0.058087 0.072428 1
0.125000 0.105556 0.041773 0.015389 0.656555 0.919337 0.058287 0.052937 0.059117 0.027389 1
0.096154 0.179630 0.055576 0.033174 0.215601 0.560221 0.005723 0.028014 0.050876 0.083384 1
0.076923 0.294444 0.074360 0.066270 0.306609 0.738122 0.008266 0.049362 0.086457 0.119294 1
0.057692 0.012963 0.002543 0.004194 0.226436 0.703867 0.003762 0.000869 0.002694 0.004869 1
0.076923 0.188889 0.047740 0.042634 0.179848 0.627624 0.001855 0.021059 0.048181 0.096166 1
0.086538 0.935185 0.262207 0.188748 0.079090 0.545856 0.001431 0.072546 0.235597 0.342666 1
0.076923 0.512963 0.129469 0.115195 0.196100 0.776796 0.002914 0.061631 0.157699 0.241631 1
0.086538 0.059259 0.016761 0.012243 0.264355 0.836464 0.007418 0.009563 0.021713 0.025563 1
0.067308 0.035185 0.007939 0.009258 0.458288 1.000000 0.008955 0.007052 0.012125 0.017042 1
0.067308 0.200000 0.044886 0.050772 0.210184 0.849724 0.004027 0.022121 0.059117 0.077906 1
0.067308 0.098148 0.022054 0.025117 0.114843 0.706077 0.001431 0.006955 0.024566 0.035301 1
0.096154 0.283333 0.087541 0.052172 0.306609 0.702762 0.010015 0.058153 0.097551 0.124772 1
0.153846 0.646296 0.308391 0.076755 0.309859 0.532597 0.021990 0.208172 0.271495 0.251369 1
0.048077 0.011111 0.001816 0.004284 0.200433 0.763536 0.004027 0.000386 0.002060 0.003043 1
0.096154 0.011111 0.003632 0.002302 0.563380 1.000000 0.024799 0.003767 0.005547 0.004260 1
0.076923 0.196296 0.049608 0.044294 0.271939 0.619889 0.005352 0.029849 0.049528 0.091905 1
0.096154 0.338889 0.104665 0.062348 0.440953 0.871823 0.018705 0.093895 0.141216 0.129032 1
0.057692 0.050000 0.009807 0.014856 0.281690 0.988950 0.005617 0.005699 0.014819 0.018259 1
0.028846 0.179630 0.019978 0.091353 0.483207 0.977901 0.005670 0.019127 0.029876 0.057821 1
0.067308 0.014815 0.003373 0.004127 0.412784 0.984530 0.005988 0.002512 0.005072 0.008521 1
0.105769 0.216667 0.073115 0.036622 0.190683 0.742541 0.004663 0.033906 0.085506 0.111382 1
0.048077 0.022222 0.003684 0.008015 0.513543 0.914917 0.007736 0.003478 0.005151 0.009738 1
0.057692 0.022222 0.004359 0.006859 0.238353 0.817680 0.003285 0.001932 0.005468 0.009130 1
0.067308 0.011111 0.002543 0.003194 0.361863 1.000000 0.004504 0.001546 0.003883 0.006695 1
0.048077 0.070370 0.011779 0.024185 0.342362 0.919337 0.003709 0.008211 0.016642 0.031041 1
0.067308 0.029630 0.006694 0.007859 0.410618 0.805525 0.006942 0.005313 0.008321 0.015216 1
0.173077 0.370370 0.197810 0.039406 0.174431 0.521547 0.005299 0.087133 0.170933 0.266586 1
0.086538 0.031481 0.008977 0.006646 0.566631 0.827624 0.032482 0.009757 0.011491 0.008521 1
0.096154 0.074074 0.023040 0.013837 0.281690 0.595580 0.009803 0.014007 0.022110 0.031041 1
0.076923 0.066667 0.016917 0.015270 0.147346 0.675138 0.002490 0.006182 0.018068 0.027389 1
0.153846 0.179630 0.086088 0.021442 0.923077 1.000000 0.073177 0.148860 0.131468 0.062690 1
0.259615 0.057407 0.046131 0.004194 0.459372 0.717127 0.031528 0.042697 0.052302 0.038344 1
0.067308 0.396296 0.088890 0.100216 0.313109 0.770166 0.009485 0.060085 0.107378 0.133293 1
0.086538 0.083333 0.023507 0.017094 0.260022 0.649724 0.004133 0.013427 0.024328 0.047474 1
0.067308 0.064815 0.014581 0.016721 0.379198 1.000000 0.005193 0.011206 0.022268 0.035910 1
0.211538 0.364815 0.235950 0.032055 0.917660 0.998895 0.073442 0.406009 0.359854 0.171029 1
0.000000 0.118519 0.003010 0.242484 0.133261 1.000000 0.000053 0.000580 0.004596 0.006695 1
0.105769 0.322222 0.108609 0.054347 0.353196 0.750276 0.017009 0.081144 0.128219 0.119903 1
0.230769 0.912963 0.640496 0.073666 0.417118 0.922652 0.033277 0.550618 0.909343 0.471698 1
0.153846 0.744444 0.355145 0.088391 0.294691 0.470718 0.023103 0.230004 0.282194 0.267194 1
0.057692 0.087037 0.017072 0.025517 0.232936 0.783425 0.002437 0.008791 0.020842 0.038344 1
0.096154 0.112963 0.035027 0.020960 0.152763 0.674033 0.002914 0.013717 0.037562 0.055386 1
0.076923 0.024074 0.006175 0.005735 0.552546 0.938122 0.027024 0.006472 0.008876 0.006695 1
0.076923 0.031481 0.008043 0.007392 0.270856 0.904972 0.004345 0.004444 0.011174 0.016433 1
0.038462 0.009259 0.001194 0.004407 0.385699 1.000000 0.002967 0.000580 0.001823 0.004260 1
0.096154 0.038889 0.012194 0.007392 0.619718 0.830939 0.040536 0.014490 0.015691 0.010347 1
0.067308 0.331481 0.074360 0.083890 0.147346 0.772376 0.001696 0.028883 0.090023 0.133293 1
0.000000 0.085185 0.002076 0.175315 0.284940 1.000000 0.000371 0.000869 0.003170 0.007912 1
0.105769 0.212963 0.071870 0.036003 0.275190 0.730387 0.008213 0.043856 0.082891 0.106512 1
0.086538 0.068519 0.019356 0.014109 0.119177 0.406630 0.001590 0.006182 0.013393 0.031041 1
0.105769 0.018519 0.006486 0.003351 0.318527 1.000000 0.002967 0.004057 0.009906 0.017651 1
0.105769 0.214815 0.072492 0.036312 0.154930 0.638674 0.003232 0.029173 0.074332 0.111382 1
0.105769 0.087037 0.029526 0.014856 0.189599 0.729282 0.003391 0.013331 0.033917 0.051126 1
0.144231 0.635185 0.285247 0.080159 0.333694 0.626519 0.021884 0.204212 0.288137 0.247718 1
0.076923 0.051852 0.013180 0.011952 0.249187 0.611050 0.004663 0.007052 0.012838 0.024346 1
0.057692 0.398148 0.078097 0.115075 0.412784 0.840884 0.010810 0.066267 0.101989 0.135119 1
0.048077 0.018519 0.003062 0.006769 0.261105 0.681768 0.001272 0.001352 0.003170 0.009130 1
0.067308 0.037037 0.008355 0.009725 0.510293 1.000000 0.013088 0.008211 0.012759 0.015216 1
0.067308 0.231481 0.051943 0.058702 0.143012 0.528177 0.002014 0.019706 0.045249 0.088253 1
0.076923 0.072222 0.018318 0.016512 0.214518 0.861878 0.002808 0.008887 0.024408 0.037127 1
0.086538 0.762963 0.213948 0.154044 0.257855 0.702762 0.007418 0.125097 0.238608 0.320146 1
0.086538 0.088889 0.025064 0.018214 0.513543 0.937017 0.010598 0.025406 0.036057 0.052952 1
0.057692 0.116667 0.022884 0.034047 0.456121 0.901657 0.009856 0.020866 0.031777 0.045648 1
0.057692 0.022222 0.004359 0.006859 0.226436 0.914917 0.008107 0.001835 0.006102 0.005478 1
0.096154 0.018519 0.005916 0.003661 0.409534 0.862983 0.016744 0.004637 0.007845 0.007304 1
0.067308 0.020370 0.004618 0.005527 0.345612 0.988950 0.004398 0.002995 0.006974 0.011564 1
0.038462 0.025926 0.003529 0.011124 0.509209 0.941436 0.005193 0.003284 0.005072 0.011564 1
0.009615 0.094444 0.005033 0.096951 0.072589 0.670718 0.007577 0.000773 0.005230 0.003043 1
0.067308 0.035185 0.007939 0.009258 0.309859 0.923757 0.004557 0.004927 0.011253 0.017651 1
0.057692 0.053704 0.010534 0.015923 0.210184 0.857459 0.001378 0.004830 0.013947 0.025563 1
0.067308 0.074074 0.016657 0.019054 0.326111 0.939227 0.002861 0.011302 0.024011 0.046257 1
0.096154 0.211111 0.065279 0.038943 0.204767 0.693923 0.003815 0.031878 0.071955 0.113816 1
0.076923 0.050000 0.012713 0.011538 0.260022 0.973481 0.004663 0.007052 0.018940 0.024346 1
0.067308 0.022222 0.005033 0.005993 0.302275 0.935912 0.003656 0.002898 0.007211 0.012173 1
0.057692 0.064815 0.012713 0.019121 0.243770 0.859669 0.001537 0.006665 0.016879 0.033475 1
0.057692 0.033333 0.006538 0.010057 0.226436 0.593370 0.003073 0.002995 0.006102 0.013390 1
0.067308 0.009259 0.002128 0.002728 0.503792 0.608840 0.063215 0.001835 0.001902 0.000609 1
0.076923 0.151852 0.038400 0.034342 0.232936 0.899448 0.007153 0.020383 0.053253 0.054169 1
0.086538 0.046296 0.013129 0.009631 0.254605 0.532597 0.005087 0.007148 0.011332 0.023737 1
0.076923 0.333333 0.084168 0.074975 0.151679 0.625414 0.003126 0.033520 0.084793 0.129032 1
0.048077 0.027778 0.004618 0.009881 0.447454 0.827624 0.004716 0.003864 0.005864 0.013999 1
0.086538 0.111111 0.031291 0.022692 0.247021 0.946961 0.004822 0.017291 0.045487 0.056604 1
0.067308 0.020370 0.004618 0.005527 0.435536 1.000000 0.005935 0.003767 0.007053 0.012173 1
0.038462 0.020370 0.002750 0.008885 0.566631 0.889503 0.010227 0.002801 0.003725 0.006695 1
0.086538 0.033333 0.009496 0.007019 0.566631 0.883978 0.037463 0.010336 0.012917 0.007912 1
0.105769 0.038889 0.013336 0.006769 0.499458 0.836464 0.038576 0.013041 0.017276 0.009738 1
0.076923 0.040741 0.010378 0.009467 0.267606 0.984530 0.002967 0.005796 0.015611 0.024346 1
0.134615 0.250000 0.105495 0.033764 0.176598 0.721547 0.009220 0.046561 0.120374 0.105295 1
0.000000 0.088889 0.002179 0.182778 0.226436 1.000000 0.031422 0.000676 0.003328 0.000609 1
0.057692 0.014815 0.002906 0.004728 0.397616 0.806630 0.010810 0.002029 0.003566 0.004869 1
0.125000 0.770370 0.302579 0.111079 0.305525 0.512707 0.018069 0.201604 0.257944 0.283628 1
0.125000 0.488889 0.192154 0.070565 0.300108 0.519337 0.018016 0.126352 0.165623 0.178332 1
0.067308 0.022222 0.005033 0.005993 0.302275 0.935912 0.003656 0.002898 0.007211 0.012173 1
0.144231 0.757407 0.340045 0.095552 0.329361 0.523757 0.023739 0.240533 0.295111 0.273281 1
0.144231 0.753704 0.338384 0.095085 0.339112 0.606630 0.022308 0.245267 0.332594 0.292757 1
0.048077 0.022222 0.003684 0.008015 0.291441 0.829834 0.008637 0.001932 0.004675 0.005478 1
0.076923 0.085185 0.021587 0.019416 0.252438 0.756906 0.006730 0.011978 0.025596 0.033475 1
0.057692 0.046296 0.009081 0.013788 0.274106 0.763536 0.005299 0.005120 0.010777 0.017042 1
0.096154 0.012963 0.004203 0.002642 0.692308 1.000000 0.036085 0.005410 0.006419 0.004260 1
0.038462 0.031481 0.004307 0.013363 0.326111 0.951381 0.002914 0.002608 0.006260 0.012173 1
0.153846 0.038889 0.019044 0.004758 0.264355 0.343646 0.039741 0.010916 0.011491 0.007912 1
0.201923 0.085185 0.053293 0.007900 0.262189 0.727072 0.005617 0.031202 0.061178 0.093731 1
0.048077 0.009259 0.001505 0.003661 0.368364 1.000000 0.004292 0.000773 0.002298 0.004260 1
0.057692 0.035185 0.006902 0.010590 0.303359 0.668508 0.004133 0.004154 0.007211 0.015825 1
0.067308 0.057407 0.012921 0.014856 0.352113 0.443094 0.176240 0.009274 0.009509 0.001217 1
0.086538 0.088889 0.025064 0.018214 0.513543 0.937017 0.010598 0.025406 0.036057 0.052952 1
0.048077 0.070370 0.011779 0.024185 0.421452 0.877348 0.005458 0.009853 0.015928 0.031041 1
0.076923 0.148148 0.037466 0.033514 0.265439 0.800000 0.006094 0.022025 0.046755 0.063907 1
0.067308 0.170370 0.038244 0.043309 0.117010 0.489503 0.000901 0.012655 0.031144 0.066951 1
0.009615 0.125926 0.006798 0.128670 0.010834 0.455249 0.000689 0.000483 0.004992 0.005478 1
0.057692 0.031481 0.006175 0.009523 0.148429 0.921547 0.000318 0.001932 0.008717 0.013999 1
0.028846 0.009259 0.000882 0.005527 0.368364 0.447514 0.047319 0.000290 0.000396 0.000000 1
0.067308 0.012963 0.002958 0.003661 0.391116 1.000000 0.006677 0.002029 0.004517 0.006695 1
0.038462 0.003704 0.000415 0.002168 0.494041 0.704972 0.036721 0.000097 0.000317 0.000000 1
0.096154 0.038889 0.012194 0.007392 0.221018 0.634254 0.004610 0.005893 0.012283 0.020694 1
0.076923 0.409259 0.103316 0.091977 0.135428 0.680663 0.002384 0.038253 0.112053 0.161290 1
0.000000 0.157407 0.004099 0.320847 0.924160 1.000000 0.206284 0.007052 0.006260 0.000609 2
0.076923 0.022222 0.005708 0.005318 0.028169 0.725967 0.015526 0.000483 0.006419 0.001217 2
0.000000 0.053704 0.001194 0.111877 0.349946 1.000000 0.007047 0.000483 0.001823 0.002435 2
0.000000 0.012963 0.000052 0.029782 0.864572 1.000000 0.031422 0.000000 0.000079 0.000000 2
0.221154 0.942593 0.634788 0.079226 0.833153 0.919337 0.199131 1.000000 0.898169 0.162508 2
0.000000 0.187037 0.004930 0.380553 0.957747 1.000000 0.124152 0.008791 0.007528 0.001826 2
0.096154 0.788889 0.243371 0.144783 0.529794 0.524862 1.000000 0.255989 0.211506 0.007912 2
0.009615 0.990741 0.055264 1.000000 0.492958 0.511602 0.153296 0.054386 0.046834 0.010956 2
0.000000 0.155556 0.004048 0.317116 0.872156 1.000000 0.060566 0.006569 0.006181 0.003043 2
0.000000 0.011111 0.000000 0.026050 1.000000 1.000000 0.031422 0.000000 0.000000 0.000000 2
0.230769 0.311111 0.218878 0.025155 0.149512 0.941436 0.002649 0.086940 0.316428 0.351795 2
0.105769 0.512963 0.172747 0.086379 0.035753 0.054144 0.078635 0.034679 0.037404 0.013390 2
0.057692 0.000000 0.000000 0.000463 1.000000 1.000000 0.031422 0.000000 0.000000 0.000000 2
0.038462 0.516667 0.072285 0.208899 0.761647 0.763536 0.820952 0.104811 0.086615 0.003652 2
0.019231 0.990741 0.083078 0.666655 0.286024 0.285083 0.317560 0.052357 0.044378 0.004869 2
0.019231 1.000000 0.083857 0.672850 0.685807 0.720442 0.463915 0.110607 0.095570 0.007304 2
0.009615 0.038889 0.001920 0.040977 0.433369 1.000000 0.105606 0.001352 0.002932 0.000000 2
0.000000 0.100000 0.002491 0.205168 0.527627 1.000000 0.049067 0.002318 0.003804 0.001217 2
0.000000 0.344444 0.009340 0.697740 0.959913 1.000000 0.130564 0.016712 0.014264 0.003652 2
0.000000 0.035185 0.000675 0.074561 0.837487 1.000000 0.039370 0.000966 0.001030 0.000609 2
0.009615 0.988889 0.055161 0.998134 0.512459 0.542541 0.618535 0.056221 0.049132 0.002435 2
0.000000 0.018519 0.000208 0.040977 0.704225 1.000000 0.015526 0.000097 0.000317 0.000609 2
0.000000 0.012963 0.000052 0.029782 1.000000 1.000000 0.036721 0.000097 0.000079 0.000000 2
0.009615 0.205556 0.011260 0.208899 0.453954 0.451934 0.288417 0.010046 0.008400 0.000609 2
0.000000 0.342593 0.009289 0.694008 0.813651 1.000000 0.042338 0.014200 0.014185 0.009738 2
0.009615 0.090741 0.004826 0.093219 0.414951 0.458564 0.075562 0.003767 0.003487 0.001217 2
0.000000 0.022222 0.000311 0.048440 0.666305 1.000000 0.018175 0.000193 0.000475 0.000609 2
0.000000 0.035185 0.000675 0.074561 0.729144 1.000000 0.010227 0.000773 0.001030 0.002435 2
0.000000 0.179630 0.004722 0.365627 0.933911 1.000000 0.156846 0.008211 0.007211 0.001217 2
0.000000 0.081481 0.001972 0.167851 0.180932 1.000000 0.001643 0.000386 0.003011 0.004260 2
0.009615 0.988889 0.055161 0.998134 0.512459 0.542541 0.618535 0.056221 0.049132 0.002435 2
0.000000 0.061111 0.001401 0.126804 0.426869 1.000000 0.000000 0.000869 0.002140 0.008521 2
0.000000 0.018519 0.000208 0.040977 0.901408 1.000000 0.047319 0.000290 0.000317 0.000000 2
0.009615 0.090741 0.004826 0.093219 0.414951 0.458564 0.075562 0.003767 0.003487 0.001217 2
0.038462 0.516667 0.072285 0.208899 0.761647 0.763536 0.820952 0.104811 0.086615 0.003652 2
0.000000 0.022222 0.000311 0.048440 0.666305 1.000000 0.010227 0.000193 0.000475 0.001217 2
0.259615 0.057407 0.046131 0.004194 0.445287 0.716022 0.031687 0.041538 0.052223 0.037127 3
0.788462 0.274074 0.641378 0.006627 0.336945 0.416575 0.146778 0.463389 0.462081 0.101035 3
0.903846 0.170370 0.458098 0.003582 0.647887 0.891713 0.013565 0.575638 0.630874 1.000000 3
0.259615 0.055556 0.044679 0.004060 0.466956 0.742541 0.033913 0.041924 0.052223 0.035301 3
0.115385 0.000000 0.000311 0.000216 1.000000 1.000000 0.063215 0.000580 0.000475 0.000000 4
0.076923 0.000000 0.000104 0.000343 1.000000 1.000000 0.042020 0.000193 0.000158 0.000000 4
1.000000 0.001852 0.010534 0.000000 0.489707 0.483978 0.582503 0.010046 0.008321 0.000000 4
0.076923 0.000000 0.000104 0.000343 1.000000 1.000000 0.042020 0.000193 0.000158 0.000000 4
0.317308 0.000000 0.001401 0.000037 1.000000 1.000000 0.174491 0.002608 0.002140 0.000000 4
0.173077 0.001852 0.001609 0.000321 0.800650 0.796685 0.158595 0.002318 0.001902 0.000000 4
0.509615 0.000000 0.002439 0.000000 1.000000 1.000000 0.280468 0.004540 0.003725 0.000000 4
0.884615 0.005556 0.018940 0.000090 0.370531 0.519337 0.009644 0.014393 0.016087 0.032258 4
0.086538 0.000000 0.000156 0.000302 1.000000 1.000000 0.047319 0.000290 0.000238 0.000000 4
0.125000 0.033333 0.013440 0.004993 0.039003 0.451934 0.153296 0.002222 0.010064 0.000000 5
0.048077 0.029630 0.004930 0.010501 0.065005 0.587845 0.009167 0.000676 0.004517 0.002435 5
0.115385 0.022222 0.008406 0.003661 0.050921 0.392265 0.012876 0.001352 0.005468 0.003043 5
0.028846 0.012963 0.001297 0.007392 0.289274 0.481768 0.023474 0.000386 0.000792 0.000609 5
0.076923 0.005556 0.001505 0.001586 0.187432 0.723757 0.042020 0.000193 0.001585 0.000000 5
0.096154 0.087037 0.027035 0.016214 0.173348 0.325967 0.033277 0.011399 0.015770 0.009738 5
0.509615 0.659259 1.000000 0.024599 0.240520 0.618784 0.028243 0.556318 1.000000 0.547778 5
0.192308 0.005556 0.003996 0.000638 0.252438 0.605525 0.013989 0.001835 0.003725 0.003652 5
0.182692 0.070370 0.040112 0.007206 0.068256 0.342541 0.011340 0.009853 0.024487 0.020085 5
0.221154 0.031481 0.022054 0.002728 0.067172 0.311602 0.005299 0.005120 0.012362 0.017042 5
0.500000 0.087037 0.131649 0.003310 0.112676 0.308287 0.019182 0.043760 0.074808 0.059038 5
0.144231 0.051852 0.023714 0.006695 0.072589 0.443094 0.008001 0.005796 0.017672 0.015216 5
