1.000000000000000000e+00 2.229729729729729437e-01 2.016806722689075682e-01 3.982300884955752157e-02 2.408358420400212585e-02 2.051109616677874309e-02 3.028308097432521120e-02 1.843547583457897515e-02 4.000000000000000000e+00
1.000000000000000000e+00 1.756756756756756854e-01 1.596638655462184753e-01 4.867256637168141525e-02 1.416681423764830881e-02 1.647612642905177741e-02 1.909150757077024071e-02 1.046337817638266256e-02 4.000000000000000000e+00
1.000000000000000000e+00 2.635135135135134865e-01 2.352941176470588203e-01 5.309734513274336209e-02 2.514609527182574619e-02 1.849361129791526198e-02 3.028308097432521120e-02 2.840059790732436806e-02 4.000000000000000000e+00
1.000000000000000000e+00 1.351351351351351149e-01 1.260504201680672232e-01 4.867256637168141525e-02 1.044802550026562721e-02 6.388702084734364066e-03 7.899934167215271960e-03 1.096163428001993220e-02 4.000000000000000000e+00
1.000000000000000000e+00 2.162162162162162005e-01 1.764705882352941013e-01 3.539823008849557473e-02 1.629183637329555470e-02 1.176866173503698411e-02 2.304147465437788103e-02 1.345291479820627870e-02 4.000000000000000000e+00
1.000000000000000000e+00 3.243243243243243423e-01 2.605042016806722316e-01 5.309734513274336209e-02 4.356295378076854852e-02 3.967720242098183442e-02 4.871626069782751534e-02 3.338315894369706799e-02 4.000000000000000000e+00
1.000000000000000000e+00 1.148648648648648851e-01 1.092436974789915971e-01 3.097345132743363136e-02 6.729236762882947337e-03 4.371217215870880357e-03 5.266622778143514351e-03 3.487792725460887519e-03 4.000000000000000000e+00
1.000000000000000000e+00 2.635135135135134865e-01 2.436974789915966610e-01 6.194690265486726272e-02 3.470869488223835703e-02 2.219233355749831646e-02 3.159973666886109478e-02 3.338315894369706799e-02 4.000000000000000000e+00
1.000000000000000000e+00 2.094594594594594572e-01 2.016806722689075682e-01 5.752212389380531588e-02 2.213564724632548220e-02 1.681237390719569208e-02 1.316655694535878718e-02 1.843547583457897515e-02 4.000000000000000000e+00
1.000000000000000000e+00 2.567567567567567988e-01 2.605042016806722316e-01 5.309734513274336209e-02 3.346909863644412925e-02 2.790854068594485204e-02 2.830809743252139452e-02 2.840059790732436806e-02 4.000000000000000000e+00
1.000000000000000000e+00 2.567567567567567988e-01 2.521008403361344463e-01 6.194690265486726272e-02 3.665663183991499374e-02 2.555480833893745279e-02 5.332455562870308530e-02 3.338315894369706799e-02 4.000000000000000000e+00
1.000000000000000000e+00 3.040540540540540571e-01 2.773109243697479132e-01 7.079646017699114946e-02 4.214627235700371677e-02 3.127101546738399185e-02 5.464121132323897234e-02 3.338315894369706799e-02 4.000000000000000000e+00
1.000000000000000000e+00 2.162162162162162005e-01 2.016806722689075682e-01 3.539823008849557473e-02 2.426066938197272635e-02 2.185608607935440179e-02 1.909150757077024071e-02 1.843547583457897515e-02 4.000000000000000000e+00
1.000000000000000000e+00 1.959459459459459707e-01 1.848739495798319421e-01 4.867256637168141525e-02 1.859394368691340282e-02 1.378614660390046695e-02 1.514154048716260387e-02 1.843547583457897515e-02 4.000000000000000000e+00
1.000000000000000000e+00 1.351351351351351149e-01 1.176470588235294101e-01 4.424778761061947535e-02 7.614662652735965445e-03 4.707464694014794164e-03 3.949967083607636847e-03 6.477329347284505393e-03 4.000000000000000000e+00
0.000000000000000000e+00 2.702702702702702853e-01 2.352941176470588203e-01 6.194690265486726272e-02 2.762528776341420175e-02 2.017484868863483188e-02 2.764976958525345099e-02 2.341803687095167508e-02 4.000000000000000000e+00
2.000000000000000000e+00 2.770270270270270840e-01 2.436974789915966610e-01 7.079646017699114946e-02 3.169824685673808956e-02 2.151983860121048711e-02 2.764976958525345099e-02 2.840059790732436806e-02 4.000000000000000000e+00
0.000000000000000000e+00 3.851351351351350871e-01 3.613445378151260989e-01 7.964601769911504314e-02 6.605277138303523865e-02 5.615332885003361529e-02 5.003291639236339544e-02 5.331340308918784687e-02 4.000000000000000000e+00
2.000000000000000000e+00 1.689189189189189422e-01 1.428571428571428770e-01 4.867256637168141525e-02 1.168762174605985499e-02 9.078681909885675388e-03 9.874917709019090384e-03 8.470353761833583975e-03 4.000000000000000000e+00
2.000000000000000000e+00 2.702702702702702853e-01 2.521008403361344463e-01 6.194690265486726272e-02 3.258367274659110940e-02 2.185608607935440179e-02 2.567478604344963430e-02 3.089187842551071456e-02 4.000000000000000000e+00
2.000000000000000000e+00 2.432432432432432290e-01 2.100840336134453534e-01 5.752212389380531588e-02 2.727111740747299382e-02 2.219233355749831646e-02 1.777485187623436061e-02 2.341803687095167508e-02 4.000000000000000000e+00
1.000000000000000000e+00 2.432432432432432290e-01 2.268907563025210350e-01 6.637168141592920956e-02 2.992739507703204987e-02 2.252858103564223113e-02 2.633311389071757436e-02 2.341803687095167508e-02 4.000000000000000000e+00
2.000000000000000000e+00 2.770270270270270840e-01 2.521008403361344463e-01 8.849557522123895070e-02 4.055250575526828799e-02 3.597848016139878341e-02 3.686635944700460826e-02 2.840059790732436806e-02 4.000000000000000000e+00
1.000000000000000000e+00 1.891891891891891719e-01 1.680672268907563160e-01 5.309734513274336209e-02 1.788560297503098695e-02 1.344989912575655575e-02 2.106649111257406087e-02 1.345291479820627870e-02 4.000000000000000000e+00
1.000000000000000000e+00 2.432432432432432290e-01 2.184873949579831942e-01 5.309734513274336209e-02 3.045865061094386525e-02 2.387357094821788289e-02 2.699144173798551441e-02 2.142501245640259649e-02 4.000000000000000000e+00
1.000000000000000000e+00 2.229729729729729437e-01 2.016806722689075682e-01 4.867256637168141525e-02 2.426066938197272635e-02 1.613987895090786620e-02 1.777485187623436061e-02 1.943198804185351791e-02 4.000000000000000000e+00
1.000000000000000000e+00 2.972972972972972583e-01 2.941176470588235392e-01 7.079646017699114946e-02 5.684434212856383922e-02 4.303967720242097422e-02 6.517445687952599931e-02 3.687095166915795030e-02 4.000000000000000000e+00
1.000000000000000000e+00 3.108108108108107448e-01 2.773109243697479132e-01 6.194690265486726272e-02 4.922967947582786857e-02 4.102219233355749312e-02 4.015799868334430506e-02 3.537618335824614657e-02 4.000000000000000000e+00
1.000000000000000000e+00 3.310810810810811411e-01 3.109243697478991653e-01 7.964601769911504314e-02 5.507349034885779954e-02 4.640215198386011403e-02 3.423304805793284805e-02 4.085700049825611441e-02 4.000000000000000000e+00
1.000000000000000000e+00 3.581081081081081141e-01 3.277310924369747913e-01 6.637168141592920956e-02 6.251106782362315928e-02 4.404841963685271478e-02 5.924950625411454230e-02 4.334828101644245396e-02 4.000000000000000000e+00
1.000000000000000000e+00 4.662162162162162282e-01 4.453781512605041737e-01 1.017699115044247843e-01 1.324597131220116852e-01 1.129791526563550530e-01 1.204739960500329082e-01 9.815645241654212538e-02 4.000000000000000000e+00
1.000000000000000000e+00 2.364864864864864857e-01 2.100840336134453534e-01 5.752212389380531588e-02 2.355232867009031394e-02 1.580363147276395153e-02 1.974983541803818077e-02 2.092675635276532164e-02 4.000000000000000000e+00
1.000000000000000000e+00 2.770270270270270840e-01 2.605042016806722316e-01 7.522123893805310324e-02 3.736497255179740962e-02 2.723604572965702270e-02 3.094140882159314779e-02 3.238664673642252523e-02 4.000000000000000000e+00
1.000000000000000000e+00 2.837837837837837718e-01 2.773109243697479132e-01 5.752212389380531588e-02 3.329201345847352528e-02 2.656355077336919335e-02 2.633311389071757436e-02 2.840059790732436806e-02 4.000000000000000000e+00
1.000000000000000000e+00 3.581081081081081141e-01 3.529411764705882582e-01 7.079646017699114946e-02 7.065698601027094183e-02 5.985205110961666630e-02 6.188281764318630251e-02 5.331340308918784687e-02 4.000000000000000000e+00
1.000000000000000000e+00 2.364864864864864857e-01 2.184873949579831942e-01 5.752212389380531588e-02 2.355232867009031394e-02 1.916610625420308786e-02 1.777485187623436061e-02 2.092675635276532164e-02 4.000000000000000000e+00
1.000000000000000000e+00 2.364864864864864857e-01 2.268907563025210350e-01 5.752212389380531588e-02 2.886488400920842953e-02 2.555480833893745279e-02 1.909150757077024071e-02 2.341803687095167508e-02 4.000000000000000000e+00
1.000000000000000000e+00 3.108108108108107448e-01 2.689075630252100724e-01 5.752212389380531588e-02 3.736497255179740962e-02 2.891728312037659260e-02 2.633311389071757436e-02 3.637269556552068239e-02 4.000000000000000000e+00
1.000000000000000000e+00 3.175675675675675436e-01 2.857142857142856984e-01 6.194690265486726272e-02 3.665663183991499374e-02 2.918628110289172017e-01 1.909150757077024071e-02 3.836571998006976097e-02 4.000000000000000000e+00
1.000000000000000000e+00 3.243243243243243423e-01 2.941176470588235392e-01 7.079646017699114946e-02 4.799008323003364773e-02 3.597848016139878341e-02 4.015799868334430506e-02 4.285002491280518605e-02 4.000000000000000000e+00
1.000000000000000000e+00 3.243243243243243423e-01 2.941176470588235392e-01 6.194690265486726272e-02 3.984416504338587212e-02 3.026227303295224783e-02 3.028308097432521120e-02 3.687095166915795030e-02 4.000000000000000000e+00
1.000000000000000000e+00 3.445945945945946276e-01 2.521008403361344463e-01 8.407079646017699692e-02 5.578183106074021541e-02 5.110961667787490559e-02 4.147465437788018516e-02 4.185351270553064329e-02 4.000000000000000000e+00
1.000000000000000000e+00 3.648648648648648019e-01 3.361344537815126321e-01 7.522123893805310324e-02 7.030281565432973390e-02 6.993947545393408571e-02 4.805793285055958569e-02 4.833084205281515389e-02 4.000000000000000000e+00
1.000000000000000000e+00 4.054054054054054834e-01 3.949579831932772955e-01 8.407079646017699692e-02 7.472994510359481923e-02 6.388702084734364239e-02 5.332455562870308530e-02 5.929247633283508262e-02 4.000000000000000000e+00
1.000000000000000000e+00 4.189189189189189699e-01 3.781512605042017250e-01 7.964601769911504314e-02 8.004250044271295217e-02 6.825823806321451581e-02 5.464121132323897234e-02 6.377678126557051463e-02 4.000000000000000000e+00
1.000000000000000000e+00 4.324324324324324564e-01 3.613445378151260989e-01 8.849557522123895070e-02 1.050115105365680840e-01 9.650302622730327906e-02 7.965766951942065965e-02 8.021923268560041120e-02 4.000000000000000000e+00
1.000000000000000000e+00 4.391891891891892552e-01 3.949579831932772955e-01 8.849557522123895070e-02 9.403222950239065181e-02 8.036314727639541633e-02 7.899934167215272307e-02 7.473841554559045031e-02 4.000000000000000000e+00
1.000000000000000000e+00 3.918918918918918859e-01 3.361344537815126321e-01 7.079646017699114946e-02 6.959447494244731802e-02 5.211835911230664614e-02 4.476629361421988196e-02 5.132037867463876829e-02 4.000000000000000000e+00
1.000000000000000000e+00 4.189189189189189699e-01 4.117647058823529216e-01 7.964601769911504314e-02 8.677173720559588910e-02 8.170813718897107503e-02 5.727452271231073255e-02 6.576980568011960016e-02 4.000000000000000000e+00
1.000000000000000000e+00 4.324324324324324564e-01 4.033613445378150808e-01 7.964601769911504314e-02 1.064281919603329157e-01 9.549428379287155932e-02 8.689927583936800370e-02 7.473841554559045031e-02 4.000000000000000000e+00
1.000000000000000000e+00 4.527027027027027417e-01 4.453781512605041737e-01 8.407079646017699692e-02 1.021781476890384205e-01 9.414929388029587287e-02 8.229098090849241987e-02 7.125062282012956105e-02 4.000000000000000000e+00
1.000000000000000000e+00 4.932432432432433123e-01 4.789915966386555368e-01 9.292035398230089061e-02 1.299805206304232297e-01 1.096166778749159132e-01 1.046741277156023608e-01 9.965122072745394299e-02 4.000000000000000000e+00
1.000000000000000000e+00 1.824324324324324287e-01 1.932773109243697829e-01 3.982300884955752157e-02 1.611475119532495073e-02 1.210490921318089878e-02 1.382488479262672723e-02 1.145989038365720185e-02 4.000000000000000000e+00
1.000000000000000000e+00 2.837837837837837718e-01 2.605042016806722316e-01 4.867256637168141525e-02 3.506286523817955803e-02 2.723604572965702270e-02 2.172481895984200093e-02 3.188839063278525732e-02 4.000000000000000000e+00
1.000000000000000000e+00 3.513513513513514264e-01 3.361344537815126321e-01 7.079646017699114946e-02 5.879227908624048288e-02 5.245460659045056429e-02 4.608294930875575512e-02 4.833084205281515389e-02 4.000000000000000000e+00
1.000000000000000000e+00 3.716216216216216006e-01 3.445378151260504174e-01 6.637168141592920956e-02 6.304232335753497118e-02 5.985205110961666630e-02 3.159973666886109478e-02 5.331340308918784687e-02 4.000000000000000000e+00
1.000000000000000000e+00 2.702702702702702853e-01 2.016806722689075682e-01 7.964601769911504314e-02 8.128209668850717995e-02 6.388702084734364239e-02 7.439104674127715311e-02 6.875934230194320762e-02 4.000000000000000000e+00
1.000000000000000000e+00 1.486486486486486569e-01 1.344537815126050639e-01 3.539823008849557473e-02 8.854258898530193225e-03 6.388702084734364066e-03 6.583278472679393589e-03 7.473841554559044684e-03 4.000000000000000000e+00
1.000000000000000000e+00 1.824324324324324287e-01 1.596638655462184753e-01 4.867256637168141525e-02 1.576058083938374280e-02 1.075991930060524529e-02 1.514154048716260387e-02 1.345291479820627870e-02 4.000000000000000000e+00
1.000000000000000000e+00 2.905405405405404595e-01 2.605042016806722316e-01 6.194690265486726272e-02 3.878165397556224830e-02 3.160726294552790305e-02 2.633311389071757436e-02 2.840059790732436806e-02 4.000000000000000000e+00
1.000000000000000000e+00 2.432432432432432290e-01 2.268907563025210350e-01 5.309734513274336209e-02 2.975030989906144591e-02 2.622730329522528214e-02 2.369980250164581415e-02 2.341803687095167508e-02 4.000000000000000000e+00
1.000000000000000000e+00 2.635135135135134865e-01 2.352941176470588203e-01 5.752212389380531588e-02 3.701080219585620168e-02 3.127101546738399185e-02 2.896642527978933110e-02 2.690582959641256433e-02 4.000000000000000000e+00
1.000000000000000000e+00 2.770270270270270840e-01 2.689075630252100724e-01 7.079646017699114946e-02 4.604214627235700408e-02 4.774714189643577272e-02 2.830809743252139452e-02 3.139013452914798941e-02 4.000000000000000000e+00
1.000000000000000000e+00 3.378378378378378288e-01 3.277310924369747913e-01 4.867256637168141525e-02 5.808393837435806700e-02 5.043712172158707624e-02 6.649111257406187248e-02 4.334828101644245396e-02 4.000000000000000000e+00
1.000000000000000000e+00 2.770270270270270840e-01 2.436974789915966610e-01 6.637168141592920956e-02 4.267752789091552867e-02 3.597848016139878341e-02 1.448321263989466555e-02 3.338315894369706799e-02 4.000000000000000000e+00
2.000000000000000000e+00 4.054054054054054834e-01 4.201680672268907069e-01 7.964601769911504314e-02 1.142199397910394904e-01 9.314055144586415314e-02 7.373271889400921653e-02 9.317389138016943240e-02 4.000000000000000000e+00
0.000000000000000000e+00 3.986486486486486847e-01 3.697478991596638842e-01 7.522123893805310324e-02 8.446962989197803751e-02 6.926698049764626330e-02 6.978275181040156927e-02 6.826108619830595359e-02 4.000000000000000000e+00
1.000000000000000000e+00 1.891891891891891719e-01 1.596638655462184753e-01 2.654867256637168105e-02 1.292721799185408103e-02 7.061197041022191680e-03 5.924950625411454404e-03 8.470353761833583975e-03 4.000000000000000000e+00
1.000000000000000000e+00 2.500000000000000000e-01 2.689075630252100724e-01 7.079646017699114946e-02 3.435452452629714909e-02 2.420981842636180104e-02 3.291639236339696795e-02 4.334828101644245396e-02 4.000000000000000000e+00
0.000000000000000000e+00 2.905405405405404595e-01 2.857142857142856984e-01 6.637168141592920956e-02 4.887550911988666758e-02 3.396099529253529536e-02 3.028308097432521120e-02 3.836571998006976097e-02 4.000000000000000000e+00
2.000000000000000000e+00 1.351351351351351149e-01 1.344537815126050639e-01 3.539823008849557473e-02 1.009385514432441927e-02 6.724949562878277873e-03 9.216589861751150331e-03 8.470353761833583975e-03 4.000000000000000000e+00
2.000000000000000000e+00 1.081081081081081141e-01 1.008403361344537841e-01 2.212389380530973768e-02 7.791747830706569414e-03 5.379959650302622645e-03 5.924950625411454404e-03 5.979073243647234880e-03 4.000000000000000000e+00
1.000000000000000000e+00 2.702702702702702853e-01 2.436974789915966610e-01 5.752212389380531588e-02 3.187533203470869353e-02 2.521856086079353812e-02 3.028308097432521120e-02 2.541106128550075366e-02 4.000000000000000000e+00
1.000000000000000000e+00 2.364864864864864857e-01 2.100840336134453534e-01 5.309734513274336209e-02 2.514609527182574619e-02 1.815736381977134384e-02 2.172481895984200093e-02 2.092675635276532164e-02 4.000000000000000000e+00
1.000000000000000000e+00 2.364864864864864857e-01 2.184873949579831942e-01 5.752212389380531588e-02 2.443775455994333032e-02 1.748486886348352143e-02 2.369980250164581415e-02 2.092675635276532164e-02 4.000000000000000000e+00
1.000000000000000000e+00 2.837837837837837718e-01 2.605042016806722316e-01 6.194690265486726272e-02 3.789622808570922152e-02 2.891728312037659260e-02 3.423304805793284805e-02 3.139013452914798941e-02 4.000000000000000000e+00
1.000000000000000000e+00 2.094594594594594572e-01 2.100840336134453534e-01 4.424778761061947535e-02 2.195856206835487823e-02 1.378614660390046695e-02 1.711652402896642403e-02 1.843547583457897515e-02 4.000000000000000000e+00
1.000000000000000000e+00 2.770270270270270840e-01 2.605042016806722316e-01 4.867256637168141525e-02 3.683371701788559771e-02 2.723604572965702270e-02 3.423304805793284805e-02 2.939711011459891082e-02 4.000000000000000000e+00
1.000000000000000000e+00 2.770270270270270840e-01 2.773109243697479132e-01 7.079646017699114946e-02 4.586506109438640011e-02 4.371217215870880357e-02 3.094140882159314779e-02 2.840059790732436806e-02 4.000000000000000000e+00
1.000000000000000000e+00 2.702702702702702853e-01 2.521008403361344463e-01 6.194690265486726272e-02 3.665663183991499374e-02 3.322125084061868794e-01 2.435813034891375420e-02 2.989536621823617873e-02 4.000000000000000000e+00
1.000000000000000000e+00 2.905405405405404595e-01 2.605042016806722316e-01 5.309734513274336209e-02 3.630246148397378581e-02 2.723604572965702270e-02 2.830809743252139452e-02 3.338315894369706799e-02 4.000000000000000000e+00
1.000000000000000000e+00 2.905405405405404595e-01 2.689075630252100724e-01 5.752212389380531588e-02 3.417743934832654512e-02 2.790854068594485204e-02 2.699144173798551441e-02 2.939711011459891082e-02 4.000000000000000000e+00
1.000000000000000000e+00 3.851351351351350871e-01 3.445378151260504174e-01 7.079646017699114946e-02 6.286523817956436722e-02 4.909213180901143142e-02 4.081632653061224164e-02 5.829596412556053986e-02 4.000000000000000000e+00
1.000000000000000000e+00 2.229729729729729437e-01 1.932773109243697829e-01 4.424778761061947535e-02 1.859394368691340282e-02 1.311365164761264107e-02 2.040816326530612082e-02 1.395117090184355008e-02 4.000000000000000000e+00
1.000000000000000000e+00 4.054054054054054834e-01 3.529411764705882582e-01 8.407079646017699692e-02 6.870904905259429818e-02 5.648957632817753344e-02 5.464121132323897234e-02 5.680119581464874307e-02 4.000000000000000000e+00
1.000000000000000000e+00 3.310810810810811411e-01 2.521008403361344463e-01 7.079646017699114946e-02 6.339649371347619300e-02 5.850706119704101454e-02 4.410796576695194537e-02 4.783258594917788598e-02 4.000000000000000000e+00
1.000000000000000000e+00 3.986486486486486847e-01 3.781512605042017250e-01 7.522123893805310324e-02 6.941738976447671405e-02 5.346334902488230484e-02 5.924950625411454230e-02 5.630293971101146128e-02 4.000000000000000000e+00
1.000000000000000000e+00 2.094594594594594572e-01 1.932773109243697829e-01 4.424778761061947535e-02 1.947936957676642614e-02 1.681237390719569208e-02 1.645819618169848397e-02 1.444942700548081972e-02 4.000000000000000000e+00
1.000000000000000000e+00 2.905405405405404595e-01 2.689075630252100724e-01 5.309734513274336209e-02 3.878165397556224830e-02 3.496973772696704286e-02 2.369980250164581415e-02 3.039362232187344665e-02 4.000000000000000000e+00
1.000000000000000000e+00 3.040540540540540571e-01 2.773109243697479132e-01 5.752212389380531588e-02 4.303169824685673661e-02 3.900470746469401201e-02 3.357472021066491147e-02 2.989536621823617873e-02 4.000000000000000000e+00
1.000000000000000000e+00 3.986486486486486847e-01 3.697478991596638842e-01 8.849557522123895070e-02 9.899061448556754905e-02 1.005379959650302552e-01 6.583278472679394977e-02 6.626806178375686807e-02 4.000000000000000000e+00
1.000000000000000000e+00 1.418918918918918859e-01 1.344537815126050639e-01 7.079646017699114946e-02 1.097928103417743911e-02 9.078681909885675388e-03 8.558262014483210278e-03 8.470353761833583975e-03 4.000000000000000000e+00
1.000000000000000000e+00 1.891891891891891719e-01 1.848739495798319421e-01 4.867256637168141525e-02 2.018771028864884201e-02 1.714862138533960675e-02 1.579986833443054392e-02 1.694070752366716448e-02 4.000000000000000000e+00
1.000000000000000000e+00 1.689189189189189422e-01 1.512605042016806622e-01 2.212389380530973768e-02 1.151053656808925102e-02 6.724949562878277873e-03 9.216589861751150331e-03 8.470353761833583975e-03 4.000000000000000000e+00
1.000000000000000000e+00 3.378378378378378288e-01 3.193277310924369505e-01 6.637168141592920956e-02 5.224012750132813604e-02 4.001344989912574562e-02 4.279131007241606527e-02 4.334828101644245396e-02 4.000000000000000000e+00
1.000000000000000000e+00 3.040540540540540571e-01 2.941176470588235392e-01 6.637168141592920956e-02 5.241721267929874001e-02 4.001344989912574562e-02 5.464121132323897234e-02 4.334828101644245396e-02 4.000000000000000000e+00
2.000000000000000000e+00 2.702702702702702853e-01 2.436974789915966610e-01 7.079646017699114946e-02 3.435452452629714909e-02 2.420981842636180104e-02 3.094140882159314779e-02 2.840059790732436806e-02 4.000000000000000000e+00
2.000000000000000000e+00 2.837837837837837718e-01 2.689075630252100724e-01 6.637168141592920956e-02 3.683371701788559771e-02 2.723604572965702270e-02 2.962475312705727115e-02 3.338315894369706799e-02 4.000000000000000000e+00
2.000000000000000000e+00 2.770270270270270840e-01 2.605042016806722316e-01 5.752212389380531588e-02 3.134407650079688162e-02 2.286482851378614234e-02 2.567478604344963430e-02 2.840059790732436806e-02 4.000000000000000000e+00
1.000000000000000000e+00 2.432432432432432290e-01 2.268907563025210350e-01 6.194690265486726272e-02 2.815654329732601366e-02 1.815736381977134384e-02 2.040816326530612082e-02 2.939711011459891082e-02 4.000000000000000000e+00
1.000000000000000000e+00 1.554054054054054002e-01 1.260504201680672232e-01 3.982300884955752157e-02 8.677173720559587522e-03 5.379959650302622645e-03 5.924950625411454404e-03 7.473841554559044684e-03 4.000000000000000000e+00
1.000000000000000000e+00 3.716216216216216006e-01 3.529411764705882582e-01 8.407079646017699692e-02 6.977156012041790811e-02 4.841963685272359513e-02 6.385780118499012614e-02 5.829596412556053986e-02 4.000000000000000000e+00
1.000000000000000000e+00 4.324324324324324564e-01 4.117647058823529216e-01 7.964601769911504314e-02 1.004072959093323808e-01 9.246805648957633073e-02 8.163265306122448328e-02 7.523667164922771822e-02 4.000000000000000000e+00
1.000000000000000000e+00 2.972972972972972583e-01 2.773109243697479132e-01 7.522123893805310324e-02 4.480255002656277630e-02 3.866845998655009387e-02 3.489137590520079157e-02 3.487792725460887172e-02 4.000000000000000000e+00
1.000000000000000000e+00 3.040540540540540571e-01 2.857142857142856984e-01 6.637168141592920956e-02 4.692757216221002392e-02 3.765971755211835331e-02 3.620803159973666474e-02 4.235176880916791814e-02 4.000000000000000000e+00
1.000000000000000000e+00 3.040540540540540571e-01 2.773109243697479132e-01 5.752212389380531588e-02 4.161501682309190486e-02 3.429724277067921351e-02 1.974983541803818077e-02 3.338315894369706799e-02 4.000000000000000000e+00
1.000000000000000000e+00 2.162162162162162005e-01 1.260504201680672232e-01 6.637168141592920956e-02 5.542766070479900747e-02 4.539340954942837347e-02 4.805793285055958569e-02 4.484304932735426463e-02 4.000000000000000000e+00
1.000000000000000000e+00 2.702702702702702853e-01 2.521008403361344463e-01 5.752212389380531588e-02 3.506286523817955803e-02 2.689979825151310455e-02 2.699144173798551441e-02 3.238664673642252523e-02 4.000000000000000000e+00
1.000000000000000000e+00 2.837837837837837718e-01 2.521008403361344463e-01 6.194690265486726272e-02 3.683371701788559771e-02 2.555480833893745279e-02 3.686635944700460826e-02 3.238664673642252523e-02 4.000000000000000000e+00
1.000000000000000000e+00 3.310810810810811411e-01 3.025210084033613245e-01 5.752212389380531588e-02 4.834425358597485567e-02 3.833221250840617572e-02 2.896642527978933110e-02 4.833084205281515389e-02 4.000000000000000000e+00
1.000000000000000000e+00 3.445945945945946276e-01 3.277310924369747913e-01 6.637168141592920956e-02 4.905259429785727154e-02 3.698722259583051702e-02 4.542462146148782548e-02 4.833084205281515389e-02 4.000000000000000000e+00
1.000000000000000000e+00 2.162162162162162005e-01 2.016806722689075682e-01 7.079646017699114946e-02 2.213564724632548220e-02 1.378614660390046695e-02 2.238314680710994098e-02 1.993024414549078582e-02 4.000000000000000000e+00
1.000000000000000000e+00 3.243243243243243423e-01 3.025210084033613245e-01 7.079646017699114946e-02 6.304232335753497118e-02 5.312710154673839363e-02 5.859117840684660572e-02 4.534130543099153254e-02 4.000000000000000000e+00
1.000000000000000000e+00 2.635135135135134865e-01 2.268907563025210350e-01 5.309734513274336209e-02 3.435452452629714909e-02 2.925353059852050380e-02 2.172481895984200093e-02 2.840059790732436806e-02 4.000000000000000000e+00
1.000000000000000000e+00 2.297297297297297425e-01 2.016806722689075682e-01 4.867256637168141525e-02 2.709403222950238985e-02 2.622730329522528214e-02 2.304147465437788103e-02 1.843547583457897515e-02 4.000000000000000000e+00
1.000000000000000000e+00 3.378378378378378288e-01 3.193277310924369505e-01 6.194690265486726272e-02 5.631308659465202732e-02 5.010087424344316503e-02 3.291639236339696795e-02 4.334828101644245396e-02 5.000000000000000000e+00
1.000000000000000000e+00 3.175675675675675436e-01 3.025210084033613245e-01 6.194690265486726272e-02 5.277138303523994795e-02 4.169468728984531553e-02 5.266622778143515565e-02 4.334828101644245396e-02 5.000000000000000000e+00
2.000000000000000000e+00 3.986486486486486847e-01 3.529411764705882582e-01 6.637168141592920956e-02 7.508411545953602717e-02 5.985205110961666630e-02 6.649111257406187248e-02 6.826108619830595359e-02 5.000000000000000000e+00
1.000000000000000000e+00 3.851351351351350871e-01 3.781512605042017250e-01 7.079646017699114946e-02 6.144855675579953547e-02 5.379959650302621604e-02 6.583278472679394977e-02 6.826108619830595359e-02 5.000000000000000000e+00
1.000000000000000000e+00 4.054054054054054834e-01 3.697478991596638842e-01 7.964601769911504314e-02 8.358420400212503154e-02 7.162071284465365562e-02 7.109940750493745631e-02 6.826108619830595359e-02 5.000000000000000000e+00
2.000000000000000000e+00 2.635135135135134865e-01 2.436974789915966610e-01 7.079646017699114946e-02 4.196918717903311280e-02 3.059852051109616250e-02 3.620803159973666474e-02 3.836571998006976097e-02 5.000000000000000000e+00
1.000000000000000000e+00 2.972972972972972583e-01 2.689075630252100724e-01 7.522123893805310324e-02 4.462546484859217233e-02 3.227975790181573240e-02 4.410796576695194537e-02 3.836571998006976097e-02 5.000000000000000000e+00
1.000000000000000000e+00 2.702702702702702853e-01 2.521008403361344463e-01 6.637168141592920956e-02 3.842748361962104037e-02 2.958977807666441848e-02 3.686635944700460826e-02 3.338315894369706799e-02 5.000000000000000000e+00
2.000000000000000000e+00 3.851351351351350871e-01 3.613445378151260989e-01 8.849557522123895070e-02 7.614662652735965098e-02 5.884330867518492575e-02 6.451612903225806273e-02 6.975585450921774344e-02 5.000000000000000000e+00
1.000000000000000000e+00 3.445945945945946276e-01 3.361344537815126321e-01 8.407079646017699692e-02 6.020896051000530769e-02 4.371217215870880357e-02 3.291639236339696795e-02 5.829596412556053986e-02 5.000000000000000000e+00
1.000000000000000000e+00 3.581081081081081141e-01 3.445378151260504174e-01 7.079646017699114946e-02 7.012573047635912993e-02 5.312710154673839363e-02 7.241606319947332948e-02 5.331340308918784687e-02 5.000000000000000000e+00
1.000000000000000000e+00 3.648648648648648019e-01 3.697478991596638842e-01 8.407079646017699692e-02 6.994864529838852596e-02 5.010087424344316503e-02 6.978275181040156927e-02 6.826108619830595359e-02 5.000000000000000000e+00
1.000000000000000000e+00 2.500000000000000000e-01 2.436974789915966610e-01 6.194690265486726272e-02 3.187533203470869353e-02 2.420981842636180104e-02 2.567478604344963430e-02 2.840059790732436806e-02 5.000000000000000000e+00
1.000000000000000000e+00 2.229729729729729437e-01 2.184873949579831942e-01 6.194690265486726272e-02 2.461483973791393429e-02 1.681237390719569208e-02 2.304147465437788103e-02 2.341803687095167508e-02 5.000000000000000000e+00
1.000000000000000000e+00 2.432432432432432290e-01 2.352941176470588203e-01 6.194690265486726272e-02 2.532318044979635016e-02 1.647612642905177741e-02 2.567478604344963430e-02 2.341803687095167508e-02 5.000000000000000000e+00
2.000000000000000000e+00 3.175675675675675436e-01 2.773109243697479132e-01 7.522123893805310324e-02 5.100053125553390826e-02 4.034969737726966377e-02 4.739960500329163523e-02 4.334828101644245396e-02 5.000000000000000000e+00
2.000000000000000000e+00 2.635135135135134865e-01 2.352941176470588203e-01 7.079646017699114946e-02 3.470869488223835703e-02 2.521856086079353812e-02 2.501645819618169425e-02 2.840059790732436806e-02 5.000000000000000000e+00
0.000000000000000000e+00 3.648648648648648019e-01 3.277310924369747913e-01 7.964601769911504314e-02 7.118824154418275374e-02 5.178211163416273494e-02 7.702435813034891332e-02 5.331340308918784687e-02 5.000000000000000000e+00
2.000000000000000000e+00 3.783783783783783994e-01 3.445378151260504174e-01 7.522123893805310324e-02 6.676111209491765452e-02 5.379959650302621604e-02 6.319947333772218956e-02 5.331340308918784687e-02 5.000000000000000000e+00
2.000000000000000000e+00 3.445945945945946276e-01 2.689075630252100724e-01 6.637168141592920956e-02 3.984416504338587212e-02 2.958977807666441848e-02 3.423304805793284805e-02 3.338315894369706799e-02 5.000000000000000000e+00
1.000000000000000000e+00 3.513513513513514264e-01 3.193277310924369505e-01 7.964601769911504314e-02 5.826102355232867097e-02 3.934095494283791627e-02 5.200789993416721213e-02 5.829596412556053986e-02 5.000000000000000000e+00
1.000000000000000000e+00 2.364864864864864857e-01 2.268907563025210350e-01 5.309734513274336209e-02 2.638569151761997397e-02 2.353732347007397169e-02 1.448321263989466555e-02 2.291978076731440717e-02 5.000000000000000000e+00
1.000000000000000000e+00 4.189189189189189699e-01 3.781512605042017250e-01 1.106194690265486780e-01 8.570922613777226529e-02 6.792199058507060461e-02 4.937458854509545192e-02 8.320876930742404642e-02 5.000000000000000000e+00
1.000000000000000000e+00 2.770270270270270840e-01 2.521008403361344463e-01 6.194690265486726272e-02 3.523995041615016893e-02 2.689979825151310455e-02 3.884134298880842495e-02 2.840059790732436806e-02 5.000000000000000000e+00
1.000000000000000000e+00 2.162162162162162005e-01 2.016806722689075682e-01 4.867256637168141525e-02 2.302107313617850204e-02 1.748486886348352143e-02 1.579986833443054392e-02 1.644245142002989657e-02 5.000000000000000000e+00
1.000000000000000000e+00 3.513513513513514264e-01 3.277310924369747913e-01 7.079646017699114946e-02 6.410483442535859500e-02 4.875588433086750634e-02 5.200789993416721213e-02 5.580468360737420030e-02 5.000000000000000000e+00
1.000000000000000000e+00 3.716216216216216006e-01 3.613445378151260989e-01 7.964601769911504314e-02 7.207366743403575970e-02 4.976462676529924689e-02 7.504937458854508969e-02 6.028898854010962538e-02 5.000000000000000000e+00
1.000000000000000000e+00 3.716216216216216006e-01 3.277310924369747913e-01 6.194690265486726272e-02 6.304232335753497118e-02 4.337592468056489237e-02 6.254114549045423910e-02 5.231689088191331799e-02 5.000000000000000000e+00
1.000000000000000000e+00 3.986486486486486847e-01 3.697478991596638842e-01 1.238938053097345254e-01 7.774039312909510058e-02 6.455951580363146480e-02 5.924950625411454230e-02 5.979073243647235053e-02 5.000000000000000000e+00
1.000000000000000000e+00 4.189189189189189699e-01 3.949579831932772955e-01 8.407079646017699692e-02 1.097928103417743911e-01 9.549428379287155932e-02 8.294930875576035645e-02 8.420528151469856837e-02 5.000000000000000000e+00
1.000000000000000000e+00 4.324324324324324564e-01 3.949579831932772955e-01 8.407079646017699692e-02 1.069594474942447276e-01 8.473436449226630363e-02 1.099407504937458813e-01 7.523667164922771822e-02 5.000000000000000000e+00
1.000000000000000000e+00 4.391891891891892552e-01 4.285714285714286031e-01 8.849557522123895070e-02 1.076677882061271435e-01 8.675184936112978473e-02 7.834101382488478649e-02 9.217737917289488270e-02 5.000000000000000000e+00
1.000000000000000000e+00 4.527027027027027417e-01 4.537815126050420700e-01 8.849557522123895070e-02 1.388347795289534004e-01 1.392064559515803490e-01 8.558262014483211666e-02 1.041355256601893542e-01 5.000000000000000000e+00
2.000000000000000000e+00 4.594594594594594295e-01 4.201680672268907069e-01 8.849557522123895070e-02 1.143970249690100943e-01 1.042367182246133062e-01 6.583278472679394977e-02 8.918784255107126135e-02 5.000000000000000000e+00
1.000000000000000000e+00 4.729729729729730270e-01 4.537815126050420700e-01 8.849557522123895070e-02 1.402514609527182321e-01 7.901815736381975763e-02 8.426596445029624349e-02 9.267563527653215061e-02 5.000000000000000000e+00
0.000000000000000000e+00 7.027027027027026307e-01 7.058823529411764053e-01 1.415929203539822989e-01 4.032229502390650144e-01 3.671822461331539778e-01 3.034891375905200417e-01 2.685600398604883199e-01 5.000000000000000000e+00
1.000000000000000000e+00 1.756756756756756854e-01 1.428571428571428770e-01 4.424778761061947535e-02 1.558349566141313883e-02 1.042367182246133062e-02 1.514154048716260387e-02 1.195814648729447149e-02 5.000000000000000000e+00
1.000000000000000000e+00 2.432432432432432290e-01 2.268907563025210350e-01 4.424778761061947535e-02 2.868779883123782556e-02 1.916610625420308786e-02 2.764976958525345099e-02 2.541106128550075366e-02 5.000000000000000000e+00
1.000000000000000000e+00 2.567567567567567988e-01 2.352941176470588203e-01 5.309734513274336209e-02 3.187533203470869353e-02 2.252858103564223113e-02 3.225806451612903136e-02 2.291978076731440717e-02 5.000000000000000000e+00
1.000000000000000000e+00 3.040540540540540571e-01 2.941176470588235392e-01 8.407079646017699692e-02 4.834425358597485567e-02 3.698722259583051702e-02 4.739960500329163523e-02 3.537618335824614657e-02 5.000000000000000000e+00
1.000000000000000000e+00 3.243243243243243423e-01 3.025210084033613245e-01 6.637168141592920956e-02 5.188595714538692810e-02 3.866845998655009387e-02 4.871626069782751534e-02 4.085700049825611441e-02 5.000000000000000000e+00
1.000000000000000000e+00 3.378378378378378288e-01 3.109243697478991653e-01 6.637168141592920956e-02 6.552151584912342674e-02 5.480833893745796354e-02 5.793285055957866220e-02 4.833084205281515389e-02 5.000000000000000000e+00
1.000000000000000000e+00 3.445945945945946276e-01 3.529411764705882582e-01 7.522123893805310324e-02 6.870904905259429818e-02 5.144586415601881679e-02 3.949967083607636154e-02 4.285002491280518605e-02 5.000000000000000000e+00
1.000000000000000000e+00 3.986486486486486847e-01 3.949579831932772955e-01 8.407079646017699692e-02 8.748007791747830497e-02 6.960322797579017451e-02 7.570770243581302628e-02 6.527154957648233224e-02 5.000000000000000000e+00
1.000000000000000000e+00 4.054054054054054834e-01 3.781512605042017250e-01 7.964601769911504314e-02 7.543828581547723511e-02 5.581708137188970409e-02 7.834101382488478649e-02 5.331340308918784687e-02 5.000000000000000000e+00
1.000000000000000000e+00 4.189189189189189699e-01 3.529411764705882582e-01 7.079646017699114946e-02 8.818841862936072085e-02 8.271687962340282252e-02 4.805793285055958569e-02 6.826108619830595359e-02 5.000000000000000000e+00
1.000000000000000000e+00 4.527027027027027417e-01 4.285714285714286031e-01 7.964601769911504314e-02 1.174074729945103618e-01 1.092804303967720159e-01 7.965766951942065965e-02 8.918784255107126135e-02 5.000000000000000000e+00
1.000000000000000000e+00 4.594594594594594295e-01 4.621848739495798553e-01 7.964601769911504314e-02 1.266159022489817543e-01 1.136516476126429032e-01 1.059907834101382479e-01 8.819133034379672553e-02 5.000000000000000000e+00
1.000000000000000000e+00 4.662162162162162282e-01 4.369747899159663884e-01 8.849557522123895070e-02 1.209491765539224412e-01 1.049092131809011286e-01 1.040157998683344243e-01 8.819133034379672553e-02 5.000000000000000000e+00
1.000000000000000000e+00 4.729729729729730270e-01 4.789915966386555368e-01 8.849557522123895070e-02 1.345847352576589329e-01 1.096166778749159132e-01 1.257406188281764148e-01 9.815645241654212538e-02 5.000000000000000000e+00
1.000000000000000000e+00 4.729729729729730270e-01 4.369747899159663884e-01 8.849557522123895070e-02 1.328138834779528932e-01 1.099529253530598522e-01 9.414088215931534775e-02 1.031390134529148184e-01 5.000000000000000000e+00
1.000000000000000000e+00 4.864864864864865135e-01 4.789915966386555368e-01 1.017699115044247843e-01 1.383035239950416162e-01 1.220578345662407388e-01 1.020408163265306006e-01 1.126058794220229503e-01 5.000000000000000000e+00
1.000000000000000000e+00 4.932432432432433123e-01 4.873949579831932111e-01 1.150442477876106318e-01 1.584912342836904686e-01 1.398789509078681714e-01 1.092824226464779447e-01 1.320378674638764682e-01 5.000000000000000000e+00
0.000000000000000000e+00 5.000000000000000000e-01 4.705882352941176405e-01 9.734513274336283051e-02 1.535328493005135297e-01 1.355077336919973119e-01 1.435154707044107858e-01 1.175884404583956294e-01 5.000000000000000000e+00
1.000000000000000000e+00 5.135135135135135975e-01 5.378151260504201447e-01 1.061946902654867242e-01 1.753143261908978456e-01 1.577000672494955902e-01 1.382488479262672654e-01 1.275535625311410293e-01 5.000000000000000000e+00
0.000000000000000000e+00 5.270270270270270840e-01 4.957983193277311074e-01 1.106194690265486780e-01 1.700017708517797266e-01 1.540013449899125531e-01 1.389071757735352020e-01 1.076233183856502434e-01 5.000000000000000000e+00
0.000000000000000000e+00 5.405405405405405705e-01 5.126050420168066779e-01 1.061946902654867242e-01 2.087834248273419679e-01 2.175521183591122842e-01 1.441737985516787224e-01 1.250622820129546897e-01 5.000000000000000000e+00
2.000000000000000000e+00 5.472972972972972583e-01 5.378151260504201447e-01 1.017699115044247843e-01 2.388879050823445871e-01 2.148621385339609668e-01 1.395655036208031385e-01 1.679123069257598966e-01 5.000000000000000000e+00
2.000000000000000000e+00 5.472972972972972583e-01 5.546218487394958263e-01 1.283185840707964653e-01 2.259606870904905251e-01 1.960322797579017728e-01 1.843317972350230483e-01 1.554559043348281433e-01 5.000000000000000000e+00
2.000000000000000000e+00 5.743243243243243423e-01 5.630252100840336116e-01 1.194690265486725855e-01 2.328670090313440522e-01 2.108271687962340046e-01 2.014483212639894549e-01 1.544593921275535797e-01 5.000000000000000000e+00
0.000000000000000000e+00 7.905405405405405705e-01 7.058823529411764053e-01 1.592920353982300863e-01 4.843279617496015210e-01 4.303967720242096728e-01 3.864384463462803843e-01 3.323368211260588345e-01 5.000000000000000000e+00
1.000000000000000000e+00 2.702702702702702853e-01 2.352941176470588203e-01 5.752212389380531588e-02 3.683371701788559771e-02 3.564223268325487221e-02 2.567478604344963430e-02 2.640757349277528948e-02 5.000000000000000000e+00
1.000000000000000000e+00 3.040540540540540571e-01 2.773109243697479132e-01 7.079646017699114946e-02 4.374003895873915249e-02 3.631472763954269461e-02 3.423304805793284805e-02 3.736920777279521821e-02 5.000000000000000000e+00
1.000000000000000000e+00 3.243243243243243423e-01 3.025210084033613245e-01 4.867256637168141525e-02 5.277138303523994795e-02 4.303967720242097422e-02 3.489137590520079157e-02 3.736920777279521821e-02 5.000000000000000000e+00
1.000000000000000000e+00 3.310810810810811411e-01 2.857142857142856984e-01 7.522123893805310324e-02 4.940676465379847254e-02 4.472091459314054412e-02 3.818301514154048143e-02 3.886397608370702889e-02 5.000000000000000000e+00
1.000000000000000000e+00 3.986486486486486847e-01 3.781512605042017250e-01 8.849557522123895070e-02 7.756330795112449661e-02 7.767316745124411281e-02 3.423304805793284805e-02 6.178375685102143605e-02 5.000000000000000000e+00
1.000000000000000000e+00 4.054054054054054834e-01 3.781512605042017250e-01 7.079646017699114946e-02 8.234460775633078988e-02 7.498318762609279542e-02 5.924950625411454230e-02 6.527154957648233224e-02 5.000000000000000000e+00
1.000000000000000000e+00 4.054054054054054834e-01 3.697478991596638842e-01 8.849557522123895070e-02 8.163626704444838789e-02 7.767316745124411281e-02 5.464121132323897234e-02 6.327852516193324672e-02 5.000000000000000000e+00
1.000000000000000000e+00 4.391891891891892552e-01 4.453781512605041737e-01 8.407079646017699692e-02 1.225429431556578630e-01 1.297915265635507520e-01 6.912442396313363269e-02 8.520179372197310419e-02 5.000000000000000000e+00
1.000000000000000000e+00 4.527027027027027417e-01 4.537815126050420700e-01 8.849557522123895070e-02 1.142199397910394904e-01 8.809683927370544343e-02 9.414088215931534775e-02 1.041355256601893542e-01 5.000000000000000000e+00
1.000000000000000000e+00 4.662162162162162282e-01 4.285714285714286031e-01 8.407079646017699692e-02 9.810518859571452921e-02 8.372562205783455613e-02 6.649111257406187248e-02 8.619830592924765389e-02 5.000000000000000000e+00
1.000000000000000000e+00 4.864864864864865135e-01 4.621848739495798553e-01 9.734513274336283051e-02 1.455640162918363512e-01 1.375252185608607791e-01 1.257406188281764148e-01 9.417040358744396822e-02 5.000000000000000000e+00
1.000000000000000000e+00 5.067567567567567988e-01 4.789915966386555368e-01 1.061946902654867242e-01 1.737205595891623822e-01 1.613987895090786828e-01 1.408821593153390117e-01 1.180866965620328973e-01 5.000000000000000000e+00
1.000000000000000000e+00 5.067567567567567988e-01 4.621848739495798553e-01 8.849557522123895070e-02 1.448556755799539630e-01 1.301277740416946771e-01 1.310072416063199352e-01 9.616342800199305374e-02 5.000000000000000000e+00
1.000000000000000000e+00 5.067567567567567988e-01 4.621848739495798553e-01 9.734513274336283051e-02 1.298034354524526257e-01 1.069266980497646236e-01 1.158657011191573244e-01 1.001494768310911970e-01 5.000000000000000000e+00
1.000000000000000000e+00 5.337837837837837718e-01 5.462184873949580410e-01 1.106194690265486780e-01 1.708871967416327187e-01 1.412239408204438440e-01 1.408821593153390117e-01 1.400099651220727548e-01 5.000000000000000000e+00
1.000000000000000000e+00 5.405405405405405705e-01 4.957983193277311074e-01 9.734513274336283051e-02 1.609704267752789242e-01 1.378614660390047042e-01 1.296905859117840620e-01 1.280518186347782972e-01 5.000000000000000000e+00
2.000000000000000000e+00 5.743243243243243423e-01 5.630252100840336116e-01 1.106194690265486780e-01 1.839914999114573846e-01 1.664425016812373648e-01 1.533903884134298623e-01 1.290483308420528330e-01 5.000000000000000000e+00
0.000000000000000000e+00 5.878378378378378288e-01 5.798319327731092931e-01 1.106194690265486780e-01 1.923145032760757989e-01 1.748486886348352143e-01 1.507570770243581160e-01 1.365221723966119072e-01 5.000000000000000000e+00
1.000000000000000000e+00 1.486486486486486569e-01 5.378151260504201447e-01 1.061946902654867242e-01 1.638037896228085877e-01 1.311365164761264246e-01 1.369321922317313922e-01 1.479820627802690691e-01 5.000000000000000000e+00
1.000000000000000000e+00 2.702702702702702853e-01 2.352941176470588203e-01 7.964601769911504314e-02 3.913582433150345624e-02 3.597848016139878341e-02 3.818301514154048143e-02 3.388141504733432896e-02 5.000000000000000000e+00
1.000000000000000000e+00 3.378378378378378288e-01 2.857142857142856984e-01 6.637168141592920956e-02 4.852133876394545964e-02 3.732347007397444211e-02 4.147465437788018516e-02 8.819133034379672553e-02 5.000000000000000000e+00
1.000000000000000000e+00 3.581081081081081141e-01 3.277310924369747913e-01 7.964601769911504314e-02 6.268815300159376325e-02 5.144586415601881679e-02 4.279131007241606527e-02 5.331340308918784687e-02 5.000000000000000000e+00
1.000000000000000000e+00 3.648648648648648019e-01 3.361344537815126321e-01 8.407079646017699692e-02 6.817779351868248627e-02 6.153328850033623620e-02 4.805793285055958569e-02 5.331340308918784687e-02 5.000000000000000000e+00
1.000000000000000000e+00 3.716216216216216006e-01 3.613445378151260989e-01 6.637168141592920956e-02 7.543828581547723511e-02 6.657700067249495979e-02 4.674127715602370559e-02 6.327852516193324672e-02 5.000000000000000000e+00
1.000000000000000000e+00 3.918918918918918859e-01 3.613445378151260989e-01 7.522123893805310324e-02 6.569860102709403071e-02 5.379959650302621604e-02 5.464121132323897234e-02 5.630293971101146128e-02 5.000000000000000000e+00
1.000000000000000000e+00 3.986486486486486847e-01 3.781512605042017250e-01 7.522123893805310324e-02 7.614662652735965098e-02 7.296570275722931431e-02 4.542462146148782548e-02 6.028898854010962538e-02 5.000000000000000000e+00
1.000000000000000000e+00 4.054054054054054834e-01 3.697478991596638842e-01 7.964601769911504314e-02 7.650079688330085892e-02 6.186953597848015435e-02 5.266622778143515565e-02 7.374190333831591448e-02 5.000000000000000000e+00
1.000000000000000000e+00 4.054054054054054834e-01 3.697478991596638842e-01 8.407079646017699692e-02 8.659465202762528513e-02 7.330195023537322552e-02 5.398288347597103576e-02 7.573492775286498613e-02 5.000000000000000000e+00
1.000000000000000000e+00 4.121621621621621712e-01 3.697478991596638842e-01 9.734513274336283051e-02 8.995927040906676053e-02 7.330195023537322552e-02 6.978275181040156927e-02 7.374190333831591448e-02 5.000000000000000000e+00
1.000000000000000000e+00 4.459459459459460540e-01 3.865546218487394547e-01 7.964601769911504314e-02 9.296971843456702800e-02 8.439811701412239242e-02 6.583278472679394977e-02 7.324364723467863270e-02 5.000000000000000000e+00
1.000000000000000000e+00 4.662162162162162282e-01 4.201680672268907069e-01 7.964601769911504314e-02 1.154595360368337043e-01 1.123066577000672445e-01 8.031599736668861012e-02 8.021923268560041120e-02 5.000000000000000000e+00
1.000000000000000000e+00 3.986486486486486847e-01 3.613445378151260989e-01 8.407079646017699692e-02 8.145918186647777004e-02 8.843308675184935463e-02 5.332455562870308530e-02 5.979073243647235053e-02 5.000000000000000000e+00
1.000000000000000000e+00 4.391891891891892552e-01 3.949579831932772955e-01 9.734513274336283051e-02 1.158137063927749122e-01 1.257565568258237898e-01 5.924950625411454230e-02 8.071748878923769299e-02 5.000000000000000000e+00
1.000000000000000000e+00 4.459459459459460540e-01 4.117647058823529216e-01 9.292035398230089061e-02 1.069594474942447276e-01 9.717552118359110147e-02 7.965766951942065965e-02 7.872446437468860747e-02 5.000000000000000000e+00
1.000000000000000000e+00 4.729729729729730270e-01 4.789915966386555368e-01 9.292035398230089061e-02 1.370639277492473884e-01 1.348352387357094617e-01 1.184990125082290846e-01 8.619830592924765389e-02 5.000000000000000000e+00
1.000000000000000000e+00 4.797297297297297147e-01 4.789915966386555368e-01 9.292035398230089061e-02 1.553037010802195972e-01 1.597175521183590852e-01 9.743252139565501679e-02 1.056302939711011718e-01 5.000000000000000000e+00
2.000000000000000000e+00 5.067567567567567988e-01 4.705882352941176405e-01 1.106194690265486780e-01 1.577828935718080527e-01 1.449226630800268811e-01 1.652402896642527763e-01 1.081215744892875114e-01 5.000000000000000000e+00
1.000000000000000000e+00 5.337837837837837718e-01 4.957983193277311074e-01 1.106194690265486780e-01 1.521161678767486980e-01 1.271015467383994624e-01 1.527320605661619535e-01 1.155954160438465578e-01 5.000000000000000000e+00
1.000000000000000000e+00 5.337837837837837718e-01 5.042016806722688926e-01 1.061946902654867242e-01 1.298034354524526257e-01 8.406186953597846734e-02 1.092824226464779447e-01 1.345291479820628078e-01 5.000000000000000000e+00
1.000000000000000000e+00 5.540540540540540571e-01 5.462184873949580410e-01 1.061946902654867242e-01 1.666371524703382234e-01 1.388702084734364239e-01 1.408821593153390117e-01 1.449925261584454617e-01 5.000000000000000000e+00
2.000000000000000000e+00 5.540540540540540571e-01 5.294117647058823595e-01 1.150442477876106318e-01 1.855852665131928481e-01 1.664425016812373648e-01 1.375905200789993288e-01 1.534628799202790439e-01 5.000000000000000000e+00
1.000000000000000000e+00 2.972972972972972583e-01 2.689075630252100724e-01 6.194690265486726272e-02 4.214627235700371677e-02 3.093476798924007370e-02 1.974983541803818077e-02 3.886397608370702889e-02 5.000000000000000000e+00
1.000000000000000000e+00 3.040540540540540571e-01 2.941176470588235392e-01 7.522123893805310324e-02 4.072959093323888502e-02 3.295225285810356175e-02 2.238314680710994098e-02 3.986048829098157165e-02 5.000000000000000000e+00
1.000000000000000000e+00 3.108108108108107448e-01 2.857142857142856984e-01 7.964601769911504314e-02 5.117761643350451223e-02 4.169468728984531553e-02 4.410796576695194537e-02 3.986048829098157165e-02 5.000000000000000000e+00
1.000000000000000000e+00 3.783783783783783994e-01 3.613445378151260989e-01 6.637168141592920956e-02 6.215689746768195134e-02 5.245460659045056429e-02 4.081632653061224164e-02 5.231689088191331799e-02 5.000000000000000000e+00
1.000000000000000000e+00 3.986486486486486847e-01 3.613445378151260989e-01 8.407079646017699692e-02 7.632371170533025495e-02 6.455951580363146480e-02 5.990783410138248583e-02 6.327852516193324672e-02 5.000000000000000000e+00
1.000000000000000000e+00 4.121621621621621712e-01 3.949579831932772955e-01 8.849557522123895070e-02 8.323003364618380973e-02 7.195696032279758070e-02 5.134957208689927555e-02 8.021923268560041120e-02 5.000000000000000000e+00
1.000000000000000000e+00 4.864864864864865135e-01 4.537815126050420700e-01 9.734513274336283051e-02 1.292721799185408416e-01 1.065904505716206985e-01 1.046741277156023608e-01 1.031390134529148184e-01 5.000000000000000000e+00
0.000000000000000000e+00 5.945945945945946276e-01 5.378151260504201447e-01 9.734513274336283051e-02 2.140959801664600870e-01 2.014122394082044076e-01 1.718235681369321699e-01 1.479820627802690691e-01 5.000000000000000000e+00
1.000000000000000000e+00 4.054054054054054834e-01 3.193277310924369505e-01 8.849557522123895070e-02 1.388347795289534004e-01 1.109616677874915858e-01 1.191573403554970212e-01 1.106128550074738648e-01 5.000000000000000000e+00
1.000000000000000000e+00 5.135135135135135975e-01 4.705882352941176405e-01 9.292035398230089061e-02 1.487515494953072503e-01 1.533288500336247306e-01 1.132323897300855642e-01 9.815645241654212538e-02 5.000000000000000000e+00
1.000000000000000000e+00 3.581081081081081141e-01 3.445378151260504174e-01 7.522123893805310324e-02 6.605277138303523865e-02 5.413584398117013419e-02 4.344963791968400185e-02 5.829596412556053986e-02 5.000000000000000000e+00
1.000000000000000000e+00 3.918918918918918859e-01 3.613445378151260989e-01 7.522123893805310324e-02 6.906321940853549224e-02 5.413584398117013419e-02 4.213298222514812175e-02 6.327852516193324672e-02 5.000000000000000000e+00
1.000000000000000000e+00 3.918918918918918859e-01 3.613445378151260989e-01 6.637168141592920956e-02 7.774039312909510058e-02 6.321452589105581998e-02 5.793285055957866220e-02 6.826108619830595359e-02 5.000000000000000000e+00
1.000000000000000000e+00 4.459459459459460540e-01 4.117647058823529216e-01 7.964601769911504314e-02 9.456348503630244984e-02 6.859448554135844089e-02 8.755760368663594029e-02 1.081215744892875114e-01 5.000000000000000000e+00
1.000000000000000000e+00 4.594594594594594295e-01 4.285714285714286031e-01 7.964601769911504314e-02 9.899061448556754905e-02 8.305312710154673372e-02 8.031599736668861012e-02 8.320876930742404642e-02 5.000000000000000000e+00
1.000000000000000000e+00 4.594594594594594295e-01 4.285714285714286031e-01 8.849557522123895070e-02 9.863644412962635499e-02 7.599193006052454291e-02 7.373271889400921653e-02 9.566517189835577195e-02 5.000000000000000000e+00
1.000000000000000000e+00 6.418918918918919969e-01 6.638655462184873679e-01 1.150442477876106318e-01 2.840446254648485991e-01 2.262945527908540588e-01 1.843317972350230483e-01 2.277030393622322402e-01 5.000000000000000000e+00
1.000000000000000000e+00 2.770270270270270840e-01 2.605042016806722316e-01 6.637168141592920956e-02 4.161501682309190486e-02 3.496973772696704286e-02 3.423304805793284805e-02 2.840059790732436806e-02 5.000000000000000000e+00
1.000000000000000000e+00 2.837837837837837718e-01 2.689075630252100724e-01 5.309734513274336209e-02 3.240658756862050544e-02 2.017484868863483188e-02 2.962475312705727115e-02 2.840059790732436806e-02 5.000000000000000000e+00
1.000000000000000000e+00 2.905405405405404595e-01 2.605042016806722316e-01 5.309734513274336209e-02 4.161501682309190486e-02 3.698722259583051702e-02 3.028308097432521120e-02 2.840059790732436806e-02 5.000000000000000000e+00
1.000000000000000000e+00 2.905405405405404595e-01 2.605042016806722316e-01 5.752212389380531588e-02 3.364618381441472628e-02 2.454606590450570877e-02 2.830809743252139452e-02 2.840059790732436806e-02 5.000000000000000000e+00
1.000000000000000000e+00 3.310810810810811411e-01 3.109243697478991653e-01 6.194690265486726272e-02 4.639631662829821201e-02 3.866845998655009387e-02 3.291639236339696795e-02 3.936223218734429680e-02 5.000000000000000000e+00
1.000000000000000000e+00 3.513513513513514264e-01 3.277310924369747913e-01 7.079646017699114946e-02 5.932353462015229478e-02 4.606590450571620282e-02 5.727452271231073255e-02 4.783258594917788598e-02 5.000000000000000000e+00
1.000000000000000000e+00 3.716216216216216006e-01 3.277310924369747913e-01 6.194690265486726272e-02 5.613600141668142335e-02 4.741089441829184764e-02 4.344963791968400185e-02 4.434479322371699672e-02 5.000000000000000000e+00
1.000000000000000000e+00 3.851351351351350871e-01 3.613445378151260989e-01 7.522123893805310324e-02 7.667788206127146289e-02 7.094821788836583321e-02 4.937458854509545192e-02 6.028898854010962538e-02 5.000000000000000000e+00
1.000000000000000000e+00 4.054054054054054834e-01 3.781512605042017250e-01 7.079646017699114946e-02 7.933415973083053629e-02 6.993947545393408571e-02 6.122448979591836593e-02 6.327852516193324672e-02 5.000000000000000000e+00
1.000000000000000000e+00 2.837837837837837718e-01 2.689075630252100724e-01 6.194690265486726272e-02 3.736497255179740962e-02 3.362474781439138416e-02 2.896642527978933110e-02 2.541106128550075366e-02 5.000000000000000000e+00
1.000000000000000000e+00 4.662162162162162282e-01 4.369747899159663884e-01 1.017699115044247843e-01 1.250221356472463186e-01 1.267652992602555373e-01 8.492429229756418008e-02 8.520179372197310419e-02 5.000000000000000000e+00
1.000000000000000000e+00 3.175675675675675436e-01 2.857142857142856984e-01 4.424778761061947535e-02 5.046927572162209635e-02 4.472091459314054412e-02 5.003291639236339544e-02 4.334828101644245396e-02 5.000000000000000000e+00
0.000000000000000000e+00 2.905405405405404595e-01 2.605042016806722316e-01 6.637168141592920956e-02 9.668850717194971134e-02 7.531943510423672050e-02 8.821593153390387687e-02 3.338315894369706799e-02 5.000000000000000000e+00
2.000000000000000000e+00 3.310810810810811411e-01 3.109243697478991653e-01 7.079646017699114946e-02 6.304232335753497118e-02 5.312710154673839363e-02 5.003291639236339544e-02 5.331340308918784687e-02 5.000000000000000000e+00
1.000000000000000000e+00 4.121621621621621712e-01 3.781512605042017250e-01 7.522123893805310324e-02 9.615725163803789943e-02 7.666442501681236532e-02 7.965766951942065965e-02 8.320876930742404642e-02 5.000000000000000000e+00
2.000000000000000000e+00 3.513513513513514264e-01 3.025210084033613245e-01 7.522123893805310324e-02 5.401097928103417573e-02 4.371217215870880357e-02 4.476629361421988196e-02 4.334828101644245396e-02 5.000000000000000000e+00
1.000000000000000000e+00 1.554054054054054002e-01 1.260504201680672232e-01 2.654867256637168105e-02 9.739684788383211334e-03 9.751176866173503002e-03 1.909150757077024071e-02 8.470353761833583975e-03 5.000000000000000000e+00
2.000000000000000000e+00 5.675675675675675436e-01 5.798319327731092931e-01 1.371681415929203729e-01 2.856383920665840348e-01 1.570275722932077678e-01 1.514154048716260526e-01 3.472845042351768718e-01 5.000000000000000000e+00
1.000000000000000000e+00 3.310810810810811411e-01 3.025210084033613245e-01 7.079646017699114946e-02 5.188595714538692810e-02 4.236718224613314487e-02 4.015799868334430506e-02 4.334828101644245396e-02 5.000000000000000000e+00
1.000000000000000000e+00 1.891891891891891719e-01 1.932773109243697829e-01 4.867256637168141525e-02 2.071896582256065045e-02 1.311365164761264107e-02 1.777485187623436061e-02 1.843547583457897515e-02 5.000000000000000000e+00
1.000000000000000000e+00 2.635135135135134865e-01 2.268907563025210350e-01 7.079646017699114946e-02 2.797945811935540969e-02 1.714862138533960675e-02 2.501645819618169425e-02 2.840059790732436806e-02 5.000000000000000000e+00
1.000000000000000000e+00 2.702702702702702853e-01 2.773109243697479132e-01 7.079646017699114946e-02 4.763591287409243979e-02 3.732347007397444211e-02 3.686635944700460826e-02 4.035874439461883956e-02 5.000000000000000000e+00
2.000000000000000000e+00 3.851351351351350871e-01 3.613445378151260989e-01 7.964601769911504314e-02 7.809456348503630851e-02 5.514458641560187474e-02 6.912442396313363269e-02 7.324364723467863270e-02 5.000000000000000000e+00
1.000000000000000000e+00 3.445945945945946276e-01 3.529411764705882582e-01 7.964601769911504314e-02 6.304232335753497118e-02 4.505716207128446227e-02 4.674127715602370559e-02 5.829596412556053986e-02 5.000000000000000000e+00
1.000000000000000000e+00 3.378378378378378288e-01 3.613445378151260989e-01 8.849557522123895070e-02 6.481317513724101087e-02 5.312710154673839363e-02 5.661619486504278209e-02 6.327852516193324672e-02 5.000000000000000000e+00
1.000000000000000000e+00 3.581081081081081141e-01 3.445378151260504174e-01 7.964601769911504314e-02 6.268815300159376325e-02 5.043712172158707624e-02 6.846609611586569610e-02 5.331340308918784687e-02 5.000000000000000000e+00
1.000000000000000000e+00 2.432432432432432290e-01 2.184873949579831942e-01 6.194690265486726272e-02 2.585443598370816207e-02 1.815736381977134384e-02 2.304147465437788103e-02 2.341803687095167508e-02 5.000000000000000000e+00
1.000000000000000000e+00 1.283783783783783994e-01 1.176470588235294101e-01 4.867256637168141525e-02 7.614662652735965445e-03 5.379959650302622645e-03 6.583278472679393589e-03 6.477329347284505393e-03 5.000000000000000000e+00
2.000000000000000000e+00 2.500000000000000000e-01 2.436974789915966610e-01 5.752212389380531588e-02 3.329201345847352528e-02 2.891728312037659260e-02 3.489137590520079157e-02 2.840059790732436806e-02 5.000000000000000000e+00
2.000000000000000000e+00 2.500000000000000000e-01 2.268907563025210350e-01 6.637168141592920956e-02 3.276075792456171337e-02 2.925353059852050380e-02 2.567478604344963430e-02 2.840059790732436806e-02 5.000000000000000000e+00
1.000000000000000000e+00 2.702702702702702853e-01 2.521008403361344463e-01 7.079646017699114946e-02 3.329201345847352528e-02 2.353732347007397169e-02 2.369980250164581415e-02 2.840059790732436806e-02 5.000000000000000000e+00
1.000000000000000000e+00 2.162162162162162005e-01 1.932773109243697829e-01 5.752212389380531588e-02 2.142730653444306632e-02 1.479488903833221097e-02 1.777485187623436061e-02 2.042850024912805373e-02 5.000000000000000000e+00
1.000000000000000000e+00 3.040540540540540571e-01 2.941176470588235392e-01 6.637168141592920956e-02 4.427129449265096439e-02 3.429724277067921351e-02 3.884134298880842495e-02 3.288490284005980008e-02 5.000000000000000000e+00
1.000000000000000000e+00 3.175675675675675436e-01 3.109243697478991653e-01 9.292035398230089061e-02 1.014698069771560046e-01 7.868190988567586031e-02 8.492429229756418008e-02 8.121574489287496090e-02 5.000000000000000000e+00
1.000000000000000000e+00 3.581081081081081141e-01 3.361344537815126321e-01 6.637168141592920956e-02 6.304232335753497118e-02 4.942837928715533569e-02 5.200789993416721213e-02 5.082212257100150038e-02 5.000000000000000000e+00
1.000000000000000000e+00 4.594594594594594295e-01 4.369747899159663884e-01 9.292035398230089061e-02 1.161678767487161340e-01 9.381304640215198942e-02 9.216589861751151025e-02 9.317389138016943240e-02 5.000000000000000000e+00
1.000000000000000000e+00 4.594594594594594295e-01 4.369747899159663884e-01 7.964601769911504314e-02 1.276784133168053781e-01 1.170141223940820291e-01 1.092824226464779447e-01 9.118086696562036075e-02 5.000000000000000000e+00
1.000000000000000000e+00 4.729729729729730270e-01 4.285714285714286031e-01 9.292035398230089061e-02 1.285638392066583979e-01 1.062542030934767873e-01 1.079657669519420576e-01 1.031390134529148184e-01 5.000000000000000000e+00
1.000000000000000000e+00 2.972972972972972583e-01 2.773109243697479132e-01 6.194690265486726272e-02 4.391712413670975645e-02 3.396099529253529536e-02 3.554970375246872816e-02 3.338315894369706799e-02 5.000000000000000000e+00
1.000000000000000000e+00 3.175675675675675436e-01 2.857142857142856984e-01 6.637168141592920956e-02 5.418806445900477969e-02 4.303967720242097422e-02 4.805793285055958569e-02 3.487792725460887172e-02 5.000000000000000000e+00
1.000000000000000000e+00 3.986486486486486847e-01 3.949579831932772955e-01 7.079646017699114946e-02 8.942801487515494863e-02 7.195696032279758070e-02 7.373271889400921653e-02 6.826108619830595359e-02 5.000000000000000000e+00
1.000000000000000000e+00 4.121621621621621712e-01 3.865546218487394547e-01 7.522123893805310324e-02 8.323003364618380973e-02 7.666442501681236532e-02 5.266622778143515565e-02 6.826108619830595359e-02 5.000000000000000000e+00
1.000000000000000000e+00 4.459459459459460540e-01 4.285714285714286031e-01 5.752212389380531588e-02 1.128032583672746586e-01 1.052454606590450537e-01 8.624094799210006712e-02 8.619830592924765389e-02 5.000000000000000000e+00
1.000000000000000000e+00 4.932432432432433123e-01 4.873949579831932111e-01 1.017699115044247843e-01 1.923145032760757989e-01 1.802286482851378213e-01 1.454904542462145955e-01 1.285500747384155651e-01 5.000000000000000000e+00
1.000000000000000000e+00 4.932432432432433123e-01 4.537815126050420700e-01 8.849557522123895070e-02 1.468036125376305789e-01 1.237390719569603087e-01 1.132323897300855642e-01 1.081215744892875114e-01 5.000000000000000000e+00
1.000000000000000000e+00 5.067567567567567988e-01 4.957983193277311074e-01 1.106194690265486780e-01 1.684080042500442631e-01 1.496301277740416935e-01 1.165240289664252887e-01 1.160936721474838396e-01 5.000000000000000000e+00
0.000000000000000000e+00 5.202702702702702853e-01 4.957983193277311074e-01 1.017699115044247843e-01 1.622100230210731520e-01 1.355077336919973119e-01 1.461487820934825321e-01 1.145989038365720220e-01 5.000000000000000000e+00
1.000000000000000000e+00 5.202702702702702853e-01 4.873949579831932111e-01 1.017699115044247843e-01 1.485744643173366186e-01 1.267652992602555373e-01 1.336405529953916815e-01 1.091180866965620611e-01 5.000000000000000000e+00
0.000000000000000000e+00 6.148648648648649129e-01 6.134453781512604342e-01 1.504424778761062065e-01 2.925447140074375341e-01 2.750504371217215027e-01 2.732060566161948478e-01 1.484803188839063370e-01 5.000000000000000000e+00
2.000000000000000000e+00 6.148648648648649129e-01 5.966386554621848637e-01 1.238938053097345254e-01 2.404816716840800228e-01 2.074646940147948648e-01 1.856484529295588937e-01 1.813652217239661579e-01 5.000000000000000000e+00
1.000000000000000000e+00 3.445945945945946276e-01 3.109243697478991653e-01 6.637168141592920956e-02 5.702142730653444319e-02 4.942837928715533569e-02 4.279131007241606527e-02 4.633781763826607530e-02 5.000000000000000000e+00
1.000000000000000000e+00 3.783783783783783994e-01 3.865546218487394547e-01 8.407079646017699692e-02 7.986541526474234820e-02 6.355077336919973119e-02 6.188281764318630251e-02 6.975585450921774344e-02 5.000000000000000000e+00
1.000000000000000000e+00 4.054054054054054834e-01 3.949579831932772955e-01 8.849557522123895070e-02 7.685496723924206686e-02 6.153328850033623620e-02 4.937458854509545192e-02 7.324364723467863270e-02 5.000000000000000000e+00
1.000000000000000000e+00 4.729729729729730270e-01 4.621848739495798553e-01 1.017699115044247843e-01 1.149282805029219062e-01 8.776059179556153222e-02 1.007241606319947275e-01 1.011459890383657467e-01 5.000000000000000000e+00
1.000000000000000000e+00 5.202702702702702853e-01 5.294117647058823595e-01 1.061946902654867242e-01 1.882415441827518798e-01 1.772024209818426344e-01 1.415404871626069760e-01 1.325361235675137361e-01 5.000000000000000000e+00
1.000000000000000000e+00 3.513513513513514264e-01 3.277310924369747913e-01 7.079646017699114946e-02 5.843810873029926800e-02 4.472091459314054412e-02 4.213298222514812175e-02 5.580468360737420030e-02 5.000000000000000000e+00
1.000000000000000000e+00 3.581081081081081141e-01 3.193277310924369505e-01 7.522123893805310324e-02 7.065698601027094183e-02 6.691324815063887099e-02 4.937458854509545192e-02 5.132037867463876829e-02 5.000000000000000000e+00
1.000000000000000000e+00 3.648648648648648019e-01 3.361344537815126321e-01 8.407079646017699692e-02 6.410483442535859500e-02 4.976462676529924689e-02 5.003291639236339544e-02 5.829596412556053986e-02 5.000000000000000000e+00
1.000000000000000000e+00 4.459459459459460540e-01 4.117647058823529216e-01 7.964601769911504314e-02 1.014698069771560046e-01 9.213180901143241952e-02 8.294930875576035645e-02 7.473841554559045031e-02 5.000000000000000000e+00
1.000000000000000000e+00 3.378378378378378288e-01 3.109243697478991653e-01 6.637168141592920956e-02 5.330263856915175985e-02 4.774714189643577272e-02 8.426596445029624349e-02 4.135525660189337538e-02 5.000000000000000000e+00
1.000000000000000000e+00 4.054054054054054834e-01 3.865546218487394547e-01 7.964601769911504314e-02 8.942801487515494863e-02 7.935440484196368272e-02 7.768268597761684990e-02 6.576980568011960016e-02 5.000000000000000000e+00
1.000000000000000000e+00 3.175675675675675436e-01 2.941176470588235392e-01 6.194690265486726272e-02 4.338586860279794455e-02 3.328850033624747295e-02 3.423304805793284805e-02 3.637269556552068239e-02 5.000000000000000000e+00
1.000000000000000000e+00 3.378378378378378288e-01 3.277310924369747913e-01 6.637168141592920956e-02 5.542766070479900747e-02 4.976462676529924689e-02 3.949967083607636154e-02 4.384653712007972187e-02 5.000000000000000000e+00
1.000000000000000000e+00 4.527027027027027417e-01 4.201680672268907069e-01 8.407079646017699692e-02 9.226137772268461212e-02 6.657700067249495979e-02 6.714944042132980906e-02 8.819133034379672553e-02 5.000000000000000000e+00
1.000000000000000000e+00 3.310810810810811411e-01 2.689075630252100724e-01 8.407079646017699692e-02 1.073136178501859356e-01 9.347679892400806434e-02 8.755760368663594029e-02 8.669656203288492180e-02 5.000000000000000000e+00
1.000000000000000000e+00 4.797297297297297147e-01 4.621848739495798553e-01 8.849557522123895070e-02 1.583141491057198647e-01 1.701412239408204297e-01 1.079657669519420576e-01 9.516691579471849016e-02 5.000000000000000000e+00
1.000000000000000000e+00 4.054054054054054834e-01 3.445378151260504174e-01 7.079646017699114946e-02 7.278200814591817558e-02 5.985205110961666630e-02 5.398288347597103576e-02 6.826108619830595359e-02 5.000000000000000000e+00
1.000000000000000000e+00 4.324324324324324564e-01 4.117647058823529216e-01 7.964601769911504314e-02 8.889675934124313672e-02 7.700067249495629040e-02 6.517445687952599931e-02 7.324364723467863270e-02 5.000000000000000000e+00
1.000000000000000000e+00 4.662162162162162282e-01 4.453781512605041737e-01 9.734513274336283051e-02 1.087302992739507673e-01 7.666442501681236532e-02 8.426596445029624349e-02 9.267563527653215061e-02 5.000000000000000000e+00
1.000000000000000000e+00 2.432432432432432290e-01 2.184873949579831942e-01 5.309734513274336209e-02 3.205241721267929750e-02 2.555480833893745279e-02 2.699144173798551441e-02 2.341803687095167508e-02 5.000000000000000000e+00
1.000000000000000000e+00 4.932432432432433123e-01 4.789915966386555368e-01 1.061946902654867242e-01 1.761997520807508377e-01 1.987222595830530902e-01 1.237656352863726050e-01 1.165919282511210936e-01 5.000000000000000000e+00
0.000000000000000000e+00 3.581081081081081141e-01 3.361344537815126321e-01 7.522123893805310324e-02 7.154241190012394780e-02 6.455951580363146480e-02 2.699144173798551441e-02 4.833084205281515389e-02 5.000000000000000000e+00
0.000000000000000000e+00 3.513513513513514264e-01 2.773109243697479132e-01 6.194690265486726272e-02 5.950061979812289875e-02 5.043712172158707624e-02 4.739960500329163523e-02 4.833084205281515389e-02 5.000000000000000000e+00
2.000000000000000000e+00 3.716216216216216006e-01 3.529411764705882582e-01 7.964601769911504314e-02 7.951124490880114026e-02 6.624075319435103471e-02 7.504937458854508969e-02 6.327852516193324672e-02 5.000000000000000000e+00
0.000000000000000000e+00 5.337837837837837718e-01 5.126050420168066779e-01 9.734513274336283051e-02 1.751372410129272139e-01 1.587088096839273377e-01 1.665569453587886495e-01 1.280518186347782972e-01 5.000000000000000000e+00
0.000000000000000000e+00 4.189189189189189699e-01 4.117647058823529216e-01 8.849557522123895070e-02 9.580308128209669150e-02 7.431069266980497301e-02 7.439104674127715311e-02 7.822620827105133956e-02 5.000000000000000000e+00
2.000000000000000000e+00 3.040540540540540571e-01 3.109243697478991653e-01 7.964601769911504314e-02 5.631308659465202732e-02 4.808338937457967699e-02 5.069124423963133202e-02 4.833084205281515389e-02 5.000000000000000000e+00
1.000000000000000000e+00 4.797297297297297147e-01 4.957983193277311074e-01 9.292035398230089061e-02 1.289180095625996059e-01 1.139878950907868144e-01 1.119157340355497049e-01 1.081215744892875114e-01 5.000000000000000000e+00
1.000000000000000000e+00 4.256756756756757687e-01 4.117647058823529216e-01 8.849557522123895070e-02 1.085532140959801634e-01 9.246805648957633073e-02 9.611586570111914363e-02 8.320876930742404642e-02 5.000000000000000000e+00
1.000000000000000000e+00 3.175675675675675436e-01 3.025210084033613245e-01 7.964601769911504314e-02 4.427129449265096439e-02 3.160726294552790305e-02 4.015799868334430506e-02 3.836571998006976097e-02 5.000000000000000000e+00
1.000000000000000000e+00 3.716216216216216006e-01 3.529411764705882582e-01 7.079646017699114946e-02 6.729236762882946643e-02 5.379959650302621604e-02 6.056616194865042241e-02 5.132037867463876829e-02 5.000000000000000000e+00
1.000000000000000000e+00 4.594594594594594295e-01 4.285714285714286031e-01 9.292035398230089061e-02 1.266159022489817543e-01 1.116341627437793943e-01 1.086240947992100081e-01 8.968609865470854314e-02 5.000000000000000000e+00
1.000000000000000000e+00 2.770270270270270840e-01 2.605042016806722316e-01 5.752212389380531588e-02 3.860456879759164434e-02 2.790854068594485204e-02 3.686635944700460826e-02 2.840059790732436806e-02 5.000000000000000000e+00
1.000000000000000000e+00 3.378378378378378288e-01 3.109243697478991653e-01 6.637168141592920956e-02 5.312555339118115588e-02 4.303967720242097422e-02 3.949967083607636154e-02 4.334828101644245396e-02 5.000000000000000000e+00
1.000000000000000000e+00 3.851351351351350871e-01 3.613445378151260989e-01 7.964601769911504314e-02 7.685496723924206686e-02 6.455951580363146480e-02 5.266622778143515565e-02 6.327852516193324672e-02 5.000000000000000000e+00
1.000000000000000000e+00 3.918918918918918859e-01 3.613445378151260989e-01 9.292035398230089061e-02 7.561537099344783908e-02 6.086079354404840686e-02 6.188281764318630251e-02 6.128550074738416814e-02 5.000000000000000000e+00
1.000000000000000000e+00 3.986486486486486847e-01 3.781512605042017250e-01 7.964601769911504314e-02 9.013635558703736450e-02 8.372562205783455613e-02 8.426596445029624349e-02 6.278026905829597881e-02 5.000000000000000000e+00
1.000000000000000000e+00 4.121621621621621712e-01 3.697478991596638842e-01 8.407079646017699692e-02 8.801133345139011688e-02 6.287827841291189490e-02 8.558262014483211666e-02 7.324364723467863270e-02 5.000000000000000000e+00
1.000000000000000000e+00 4.797297297297297147e-01 4.705882352941176405e-01 9.292035398230089061e-02 1.331680538338940734e-01 1.257565568258237898e-01 1.026991441737985372e-01 8.819133034379672553e-02 5.000000000000000000e+00
1.000000000000000000e+00 3.783783783783783994e-01 3.529411764705882582e-01 7.522123893805310324e-02 8.553214095980166132e-02 8.137188971082716382e-02 6.846609611586569610e-02 5.829596412556053986e-02 5.000000000000000000e+00
1.000000000000000000e+00 4.391891891891892552e-01 4.369747899159663884e-01 7.522123893805310324e-02 9.403222950239065181e-02 7.733691997310018773e-02 7.636603028308097674e-02 7.473841554559045031e-02 5.000000000000000000e+00
1.000000000000000000e+00 4.391891891891892552e-01 4.117647058823529216e-01 9.734513274336283051e-02 1.050115105365680840e-01 9.179556153328849444e-02 9.282422646477944683e-02 7.324364723467863270e-02 5.000000000000000000e+00
1.000000000000000000e+00 5.270270270270270840e-01 4.873949579831932111e-01 9.292035398230089061e-02 1.414910571985124876e-01 1.620712844653664775e-01 4.476629361421988196e-02 1.071250622820129755e-01 5.000000000000000000e+00
1.000000000000000000e+00 3.310810810810811411e-01 3.109243697478991653e-01 7.522123893805310324e-02 4.568797591641579614e-02 4.068594485541357497e-02 3.423304805793284805e-02 3.637269556552068239e-02 5.000000000000000000e+00
1.000000000000000000e+00 3.445945945945946276e-01 2.941176470588235392e-01 7.522123893805310324e-02 5.932353462015229478e-02 5.245460659045056429e-02 3.357472021066491147e-02 4.882909815645242874e-02 5.000000000000000000e+00
1.000000000000000000e+00 3.513513513513514264e-01 3.445378151260504174e-01 7.522123893805310324e-02 6.729236762882946643e-02 6.455951580363146480e-02 3.884134298880842495e-02 5.231689088191331799e-02 5.000000000000000000e+00
1.000000000000000000e+00 3.716216216216216006e-01 3.529411764705882582e-01 7.522123893805310324e-02 6.074021604391711959e-02 5.144586415601881679e-02 4.410796576695194537e-02 5.430991529646238269e-02 5.000000000000000000e+00
1.000000000000000000e+00 3.851351351351350871e-01 3.529411764705882582e-01 6.637168141592920956e-02 6.251106782362315928e-02 5.211835911230664614e-02 4.542462146148782548e-02 5.231689088191331799e-02 5.000000000000000000e+00
1.000000000000000000e+00 4.391891891891892552e-01 4.285714285714286031e-01 1.017699115044247843e-01 1.105011510536568070e-01 1.032279757901815587e-01 7.768268597761684990e-02 8.520179372197310419e-02 5.000000000000000000e+00
1.000000000000000000e+00 4.391891891891892552e-01 4.369747899159663884e-01 7.964601769911504314e-02 1.161678767487161340e-01 1.008742434431741664e-01 8.887425938117182733e-02 7.822620827105133956e-02 5.000000000000000000e+00
1.000000000000000000e+00 4.797297297297297147e-01 4.537815126050420700e-01 9.292035398230089061e-02 1.087302992739507673e-01 7.935440484196368272e-02 1.046741277156023608e-01 9.616342800199305374e-02 5.000000000000000000e+00
1.000000000000000000e+00 2.635135135135134865e-01 2.521008403361344463e-01 4.424778761061947535e-02 2.904196918717903350e-02 1.950235373234700254e-02 2.369980250164581415e-02 2.740408570004982530e-02 5.000000000000000000e+00
1.000000000000000000e+00 3.851351351351350871e-01 3.529411764705882582e-01 7.522123893805310324e-02 6.640694173897644659e-02 4.808338937457967699e-02 6.714944042132980906e-02 5.331340308918784687e-02 5.000000000000000000e+00
1.000000000000000000e+00 3.986486486486486847e-01 3.697478991596638842e-01 8.407079646017699692e-02 9.031344076500796847e-02 6.758574310692669340e-02 7.175773535220539290e-02 8.071748878923769299e-02 5.000000000000000000e+00
1.000000000000000000e+00 4.864864864864865135e-01 4.537815126050420700e-01 8.849557522123895070e-02 1.204179210200106293e-01 8.910558170813719092e-02 1.092824226464779447e-01 1.031390134529148184e-01 5.000000000000000000e+00
1.000000000000000000e+00 4.189189189189189699e-01 3.949579831932772955e-01 8.849557522123895070e-02 9.049052594297857244e-02 6.657700067249495979e-02 7.965766951942065965e-02 8.420528151469856837e-02 5.000000000000000000e+00
1.000000000000000000e+00 4.391891891891892552e-01 4.369747899159663884e-01 8.849557522123895070e-02 1.135115990791570745e-01 9.549428379287155932e-02 9.611586570111914363e-02 8.918784255107126135e-02 5.000000000000000000e+00
1.000000000000000000e+00 3.108108108108107448e-01 2.941176470588235392e-01 6.637168141592920956e-02 5.082344607756330429e-02 3.934095494283791627e-02 3.949967083607636154e-02 4.833084205281515389e-02 5.000000000000000000e+00
1.000000000000000000e+00 4.121621621621621712e-01 3.697478991596638842e-01 8.407079646017699692e-02 8.517797060386045338e-02 7.061197041022192200e-02 6.319947333772218956e-02 2.077727952167414405e-01 5.000000000000000000e+00
2.000000000000000000e+00 3.513513513513514264e-01 3.445378151260504174e-01 6.637168141592920956e-02 7.720913759518328867e-02 5.682582380632144464e-02 5.200789993416721213e-02 8.320876930742404642e-02 5.000000000000000000e+00
1.000000000000000000e+00 3.986486486486486847e-01 3.697478991596638842e-01 7.522123893805310324e-02 7.171949707809455177e-02 6.388702084734364239e-02 7.307439104674126606e-02 7.822620827105133956e-02 5.000000000000000000e+00
2.000000000000000000e+00 4.189189189189189699e-01 4.117647058823529216e-01 1.017699115044247843e-01 1.209491765539224412e-01 1.099529253530598522e-01 1.112574061882817683e-01 1.006477329347284649e-01 5.000000000000000000e+00
2.000000000000000000e+00 4.121621621621621712e-01 3.613445378151260989e-01 8.407079646017699692e-02 7.685496723924206686e-02 5.548083389374579288e-02 6.714944042132980906e-02 6.826108619830595359e-02 5.000000000000000000e+00
1.000000000000000000e+00 2.162162162162162005e-01 2.100840336134453534e-01 5.309734513274336209e-02 1.983353993270763060e-02 1.412239408204438336e-02 1.843317972350230066e-02 1.644245142002989657e-02 5.000000000000000000e+00
1.000000000000000000e+00 2.162162162162162005e-01 2.016806722689075682e-01 5.752212389380531588e-02 2.107313617850185838e-02 1.311365164761264107e-02 2.567478604344963430e-02 1.743896362730443933e-02 5.000000000000000000e+00
1.000000000000000000e+00 2.972972972972972583e-01 2.773109243697479132e-01 6.194690265486726272e-02 4.763591287409243979e-02 3.799596503026226452e-02 3.818301514154048143e-02 3.338315894369706799e-02 5.000000000000000000e+00
1.000000000000000000e+00 2.972972972972972583e-01 2.773109243697479132e-01 5.752212389380531588e-02 4.515672038250398423e-02 3.429724277067921351e-02 3.620803159973666474e-02 3.338315894369706799e-02 5.000000000000000000e+00
1.000000000000000000e+00 3.243243243243243423e-01 2.941176470588235392e-01 6.194690265486726272e-02 5.737559766247564419e-02 4.135843981170140432e-02 5.200789993416721213e-02 4.334828101644245396e-02 5.000000000000000000e+00
1.000000000000000000e+00 4.054054054054054834e-01 3.949579831932772955e-01 8.407079646017699692e-02 1.011156366212147967e-01 8.204438466711500011e-02 7.899934167215272307e-02 7.822620827105133956e-02 5.000000000000000000e+00
1.000000000000000000e+00 4.121621621621621712e-01 4.117647058823529216e-01 7.964601769911504314e-02 9.739684788383211334e-02 1.106254203093476746e-01 8.163265306122448328e-02 8.021923268560041120e-02 5.000000000000000000e+00
1.000000000000000000e+00 4.189189189189189699e-01 3.865546218487394547e-01 7.964601769911504314e-02 8.712590756153709703e-02 6.220578345662406555e-02 8.624094799210006712e-02 6.826108619830595359e-02 5.000000000000000000e+00
1.000000000000000000e+00 4.391891891891892552e-01 4.033613445378150808e-01 8.407079646017699692e-02 8.854258898530192878e-02 7.363819771351713672e-02 7.504937458854508969e-02 6.427503736920779642e-02 5.000000000000000000e+00
1.000000000000000000e+00 4.932432432432433123e-01 4.621848739495798553e-01 1.194690265486725855e-01 1.443244200460421234e-01 1.089441829186281047e-01 1.316655694535878718e-01 1.170901843547583754e-01 5.000000000000000000e+00
2.000000000000000000e+00 5.675675675675675436e-01 5.378151260504201447e-01 1.017699115044247843e-01 2.204710465734018299e-01 1.889710827168795682e-01 1.876234364713627312e-01 1.529646238166417760e-01 5.000000000000000000e+00
1.000000000000000000e+00 6.824324324324323454e-01 6.386554621848739011e-01 1.327433628318584191e-01 3.150345316097042381e-01 2.434431741761936274e-01 2.527978933508887027e-01 2.491280518186348159e-01 5.000000000000000000e+00
0.000000000000000000e+00 6.891891891891891442e-01 6.638655462184873679e-01 1.106194690265486780e-01 3.088365503807331547e-01 2.377269670477470953e-01 2.725477287689269112e-01 2.227204783258595333e-01 5.000000000000000000e+00
1.000000000000000000e+00 3.243243243243243423e-01 2.941176470588235392e-01 0.000000000000000000e+00 4.675048698423941995e-02 3.799596503026226452e-02 3.686635944700460826e-02 3.477827603388141675e-01 5.000000000000000000e+00
1.000000000000000000e+00 3.851351351351350871e-01 3.613445378151260989e-01 7.964601769911504314e-02 7.278200814591817558e-02 6.523201075991930109e-02 5.069124423963133202e-02 6.028898854010962538e-02 5.000000000000000000e+00
1.000000000000000000e+00 4.054054054054054834e-01 3.781512605042017250e-01 7.079646017699114946e-02 7.844873384097751645e-02 7.666442501681236532e-02 5.595786701777484551e-02 5.331340308918784687e-02 5.000000000000000000e+00
1.000000000000000000e+00 4.594594594594594295e-01 4.285714285714286031e-01 8.407079646017699692e-02 1.197095803081282134e-01 1.210490921318090191e-01 7.439104674127715311e-02 8.121574489287496090e-02 5.000000000000000000e+00
1.000000000000000000e+00 5.472972972972972583e-01 4.957983193277311074e-01 9.292035398230089061e-02 2.241898353107844855e-01 2.360457296570275532e-01 1.665569453587886495e-01 1.330343796711510040e-01 5.000000000000000000e+00
1.000000000000000000e+00 2.702702702702702853e-01 2.436974789915966610e-01 6.194690265486726272e-02 3.329201345847352528e-02 2.420981842636180104e-02 2.896642527978933110e-02 2.840059790732436806e-02 5.000000000000000000e+00
1.000000000000000000e+00 3.445945945945946276e-01 3.193277310924369505e-01 5.752212389380531588e-02 5.046927572162209635e-02 3.833221250840617572e-02 4.147465437788018516e-02 4.882909815645242874e-02 5.000000000000000000e+00
1.000000000000000000e+00 3.918918918918918859e-01 3.613445378151260989e-01 7.964601769911504314e-02 7.561537099344783908e-02 6.691324815063887099e-02 6.385780118499012614e-02 6.377678126557051463e-02 5.000000000000000000e+00
1.000000000000000000e+00 3.986486486486486847e-01 3.697478991596638842e-01 7.079646017699114946e-02 8.163626704444838789e-02 6.186953597848015435e-02 7.307439104674126606e-02 7.025411061285502523e-02 5.000000000000000000e+00
1.000000000000000000e+00 4.391891891891892552e-01 4.117647058823529216e-01 1.017699115044247843e-01 1.119178324774216388e-01 8.910558170813719092e-02 9.479921000658327046e-02 9.167912306925761479e-02 5.000000000000000000e+00
1.000000000000000000e+00 2.770270270270270840e-01 2.689075630252100724e-01 6.194690265486726272e-02 4.320878342482734058e-02 4.169468728984531553e-02 2.764976958525345099e-02 2.840059790732436806e-02 5.000000000000000000e+00
1.000000000000000000e+00 3.716216216216216006e-01 3.277310924369747913e-01 6.637168141592920956e-02 5.932353462015229478e-02 5.548083389374579288e-02 4.608294930875575512e-02 3.936223218734429680e-02 5.000000000000000000e+00
1.000000000000000000e+00 4.864864864864865135e-01 4.621848739495798553e-01 8.407079646017699692e-02 1.384806091730121924e-01 1.466039004707464233e-01 9.809084924292296725e-02 8.669656203288492180e-02 5.000000000000000000e+00
1.000000000000000000e+00 4.932432432432433123e-01 4.957983193277311074e-01 9.734513274336283051e-02 1.340534797237471210e-01 1.052454606590450537e-01 1.171823568136931976e-01 1.131041355256602182e-01 5.000000000000000000e+00
