8.421049999999999924e-01 1.917000000000000093e-01 5.721929999999999517e-01 1.000000000000000000e+00 6.195650000000000324e-01 6.275859999999999772e-01 5.738400000000000167e-01 1.000000000000000000e+00 5.930600000000000316e-01 3.720140000000000113e-01 1.000000000000000000e+00 9.706960000000000033e-01 5.613409999999999789e-01 1.000000000000000000e+00
5.710530000000000328e-01 2.055339999999999945e-01 4.171119999999999828e-01 0.000000000000000000e+00 3.260870000000000157e-01 5.758619999999999850e-01 5.105490000000000306e-01 1.000000000000000000e+00 2.744480000000000253e-01 2.645049999999999901e-01 1.000000000000000000e+00 7.802200000000000246e-01 5.506419999999999648e-01 1.000000000000000000e+00
5.605259999999999687e-01 3.201579999999999981e-01 7.005350000000000188e-01 1.000000000000000000e+00 3.369570000000000065e-01 6.275859999999999772e-01 6.118139999999999690e-01 1.000000000000000000e+00 7.570980000000000487e-01 3.754270000000000107e-01 1.000000000000000000e+00 6.959710000000000063e-01 6.469329999999999803e-01 1.000000000000000000e+00
8.789470000000000338e-01 2.391300000000000092e-01 6.096260000000000012e-01 1.000000000000000000e+00 4.673910000000000009e-01 9.896549999999999514e-01 6.645569999999999533e-01 1.000000000000000000e+00 5.583599999999999675e-01 5.563139999999999752e-01 1.000000000000000000e+00 7.985349999999999948e-01 8.573469999999999702e-01 1.000000000000000000e+00
5.815789999999999571e-01 3.656130000000000213e-01 8.074869999999999548e-01 2.000000000000000000e+00 5.217389999999999528e-01 6.275859999999999772e-01 4.957810000000000272e-01 2.000000000000000000e+00 4.447949999999999959e-01 2.593860000000000054e-01 1.000000000000000000e+00 6.080590000000000162e-01 3.259630000000000027e-01 1.000000000000000000e+00
8.342110000000000358e-01 2.015810000000000102e-01 5.828879999999999617e-01 0.000000000000000000e+00 4.565219999999999834e-01 7.896549999999999958e-01 6.434600000000000319e-01 1.000000000000000000e+00 4.921139999999999959e-01 4.667240000000000277e-01 1.000000000000000000e+00 5.787550000000000194e-01 8.359490000000000531e-01 1.000000000000000000e+00
8.842109999999999692e-01 2.233199999999999907e-01 5.828879999999999617e-01 0.000000000000000000e+00 2.826089999999999991e-01 5.241379999999999928e-01 4.599159999999999915e-01 1.000000000000000000e+00 4.952679999999999860e-01 3.387370000000000103e-01 1.000000000000000000e+00 8.461539999999999617e-01 7.218259999999999676e-01 1.000000000000000000e+00
7.973689999999999944e-01 2.786560000000000148e-01 6.684489999999999599e-01 1.000000000000000000e+00 5.543479999999999519e-01 5.586210000000000342e-01 4.578059999999999907e-01 1.000000000000000000e+00 2.649839999999999973e-01 3.216720000000000135e-01 1.000000000000000000e+00 8.461539999999999617e-01 7.253920000000000368e-01 1.000000000000000000e+00
1.000000000000000000e+00 1.778659999999999963e-01 4.331550000000000122e-01 0.000000000000000000e+00 2.934780000000000166e-01 6.275859999999999772e-01 5.569619999999999571e-01 1.000000000000000000e+00 4.952679999999999860e-01 3.344710000000000183e-01 1.000000000000000000e+00 5.787550000000000194e-01 5.470760000000000067e-01 1.000000000000000000e+00
7.447369999999999823e-01 1.205529999999999935e-01 4.866309999999999802e-01 1.000000000000000000e+00 3.043480000000000074e-01 6.896550000000000180e-01 5.928269999999999929e-01 0.000000000000000000e+00 4.542590000000000239e-01 5.068259999999999987e-01 1.000000000000000000e+00 8.351650000000000462e-01 5.470760000000000067e-01 1.000000000000000000e+00
8.078950000000000298e-01 2.806319999999999926e-01 5.026739999999999542e-01 1.000000000000000000e+00 3.804350000000000231e-01 6.793099999999999694e-01 6.286920000000000286e-01 0.000000000000000000e+00 6.214509999999999756e-01 3.813989999999999880e-01 2.000000000000000000e+00 6.959710000000000063e-01 8.787449999999999983e-01 1.000000000000000000e+00
8.131580000000000474e-01 1.462450000000000139e-01 5.133689999999999642e-01 1.000000000000000000e+00 2.717390000000000083e-01 4.206900000000000084e-01 4.409279999999999866e-01 1.000000000000000000e+00 3.659310000000000063e-01 3.174060000000000215e-01 2.000000000000000000e+00 5.677659999999999929e-01 7.146930000000000227e-01 1.000000000000000000e+00
7.157890000000000086e-01 1.956519999999999926e-01 5.614970000000000239e-01 1.000000000000000000e+00 2.065220000000000111e-01 5.586210000000000342e-01 5.105490000000000306e-01 1.000000000000000000e+00 4.416399999999999770e-01 3.686010000000000120e-01 2.000000000000000000e+00 5.970699999999999896e-01 7.432239999999999958e-01 1.000000000000000000e+00
9.789470000000000116e-01 1.956519999999999926e-01 5.508020000000000138e-01 0.000000000000000000e+00 2.282609999999999917e-01 7.310339999999999616e-01 7.067510000000000181e-01 2.000000000000000000e+00 7.570980000000000487e-01 3.515360000000000151e-01 2.000000000000000000e+00 5.347990000000000244e-01 6.219689999999999941e-01 1.000000000000000000e+00
8.815790000000000015e-01 2.233199999999999907e-01 5.454550000000000232e-01 0.000000000000000000e+00 3.478260000000000240e-01 8.000000000000000444e-01 6.962030000000000163e-01 1.000000000000000000e+00 8.044160000000000199e-01 5.307169999999999943e-01 2.000000000000000000e+00 6.337000000000000410e-01 9.051360000000000516e-01 1.000000000000000000e+00
6.842110000000000136e-01 2.114620000000000111e-01 7.165780000000000483e-01 1.000000000000000000e+00 4.565219999999999834e-01 6.448279999999999568e-01 5.421939999999999538e-01 1.000000000000000000e+00 3.312300000000000244e-01 5.136519999999999975e-01 2.000000000000000000e+00 5.897440000000000460e-01 7.360910000000000508e-01 1.000000000000000000e+00
8.605260000000000131e-01 2.332019999999999926e-01 7.272729999999999473e-01 1.000000000000000000e+00 5.434780000000000166e-01 6.275859999999999772e-01 5.907170000000000476e-01 1.000000000000000000e+00 4.921139999999999959e-01 4.197949999999999737e-01 1.000000000000000000e+00 5.054950000000000276e-01 7.146930000000000227e-01 1.000000000000000000e+00
7.368419999999999970e-01 1.640320000000000111e-01 6.737969999999999793e-01 1.000000000000000000e+00 4.891300000000000092e-01 6.793099999999999694e-01 6.455699999999999772e-01 2.000000000000000000e+00 4.132489999999999775e-01 4.539250000000000229e-01 2.000000000000000000e+00 4.761900000000000022e-01 6.077029999999999932e-01 1.000000000000000000e+00
8.315789999999999571e-01 1.679839999999999944e-01 5.989299999999999624e-01 1.000000000000000000e+00 4.130429999999999935e-01 8.000000000000000444e-01 7.573839999999999462e-01 1.000000000000000000e+00 4.574130000000000140e-01 6.331059999999999466e-01 2.000000000000000000e+00 5.677659999999999929e-01 1.000000000000000000e+00 1.000000000000000000e+00
6.868419999999999526e-01 4.664030000000000120e-01 6.417110000000000314e-01 0.000000000000000000e+00 5.000000000000000000e-01 5.931030000000000468e-01 5.675109999999999877e-01 0.000000000000000000e+00 3.943220000000000058e-01 3.259389999999999787e-01 1.000000000000000000e+00 7.655680000000000263e-01 4.044220000000000037e-01 1.000000000000000000e+00
7.973689999999999944e-01 1.758889999999999898e-01 4.919789999999999996e-01 1.000000000000000000e+00 6.086960000000000148e-01 6.965519999999999490e-01 5.970459999999999656e-01 1.000000000000000000e+00 5.331230000000000135e-01 3.728670000000000040e-01 1.000000000000000000e+00 8.937730000000000397e-01 3.580599999999999894e-01 1.000000000000000000e+00
5.000000000000000000e-01 6.047430000000000305e-01 6.898400000000000087e-01 1.000000000000000000e+00 3.478260000000000240e-01 4.931030000000000135e-01 4.367090000000000138e-01 1.000000000000000000e+00 4.952679999999999860e-01 2.747439999999999882e-01 1.000000000000000000e+00 8.241760000000000197e-01 3.509269999999999889e-01 1.000000000000000000e+00
7.052629999999999733e-01 2.213440000000000130e-01 5.347589999999999844e-01 1.000000000000000000e+00 3.369570000000000065e-01 5.620690000000000408e-01 5.358650000000000357e-01 1.000000000000000000e+00 4.037859999999999783e-01 2.150170000000000137e-01 2.000000000000000000e+00 1.000000000000000000e+00 5.399429999999999508e-01 1.000000000000000000e+00
4.789479999999999849e-01 1.699600000000000000e-01 6.203210000000000113e-01 1.000000000000000000e+00 2.717390000000000083e-01 5.172409999999999508e-01 4.282699999999999840e-01 1.000000000000000000e+00 3.312300000000000244e-01 2.261090000000000044e-01 1.000000000000000000e+00 8.644690000000000429e-01 5.256779999999999786e-01 1.000000000000000000e+00
6.500000000000000222e-01 2.114620000000000111e-01 6.684489999999999599e-01 1.000000000000000000e+00 2.826089999999999991e-01 5.344830000000000414e-01 4.789030000000000231e-01 1.000000000000000000e+00 3.943220000000000058e-01 1.911259999999999903e-01 2.000000000000000000e+00 9.340659999999999519e-01 4.044220000000000037e-01 1.000000000000000000e+00
5.315790000000000237e-01 2.588929999999999843e-01 9.946519999999999806e-01 2.000000000000000000e+00 5.869569999999999510e-01 5.689659999999999718e-01 4.936710000000000265e-01 3.000000000000000000e+00 4.763410000000000144e-01 1.962460000000000038e-01 2.000000000000000000e+00 7.069600000000000328e-01 3.937229999999999897e-01 1.000000000000000000e+00
6.210529999999999662e-01 2.035569999999999879e-01 6.737969999999999793e-01 1.000000000000000000e+00 2.500000000000000000e-01 6.448279999999999568e-01 5.485229999999999828e-01 1.000000000000000000e+00 3.280759999999999788e-01 3.003410000000000246e-01 1.000000000000000000e+00 7.142859999999999765e-01 6.540660000000000363e-01 1.000000000000000000e+00
5.973690000000000389e-01 1.936759999999999871e-01 4.171119999999999828e-01 1.000000000000000000e+00 2.608699999999999908e-01 4.896550000000000069e-01 3.902950000000000030e-01 1.000000000000000000e+00 2.965300000000000158e-01 2.278159999999999907e-01 1.000000000000000000e+00 5.494510000000000227e-01 7.182600000000000096e-01 1.000000000000000000e+00
7.473680000000000323e-01 2.292490000000000083e-01 7.700529999999999875e-01 1.000000000000000000e+00 4.021739999999999760e-01 6.793099999999999694e-01 5.548520000000000119e-01 2.000000000000000000e+00 4.258680000000000243e-01 2.747439999999999882e-01 2.000000000000000000e+00 7.802200000000000246e-01 4.543510000000000049e-01 1.000000000000000000e+00
7.868420000000000414e-01 1.857709999999999917e-01 4.545449999999999768e-01 1.000000000000000000e+00 2.826089999999999991e-01 5.758619999999999850e-01 4.198310000000000097e-01 1.000000000000000000e+00 4.952679999999999860e-01 2.918089999999999851e-01 1.000000000000000000e+00 8.498170000000000446e-01 5.399429999999999508e-01 1.000000000000000000e+00
7.105259999999999909e-01 1.501979999999999982e-01 7.165780000000000483e-01 2.000000000000000000e+00 3.369570000000000065e-01 6.965519999999999490e-01 6.139240000000000252e-01 1.000000000000000000e+00 6.214509999999999756e-01 3.771329999999999960e-01 2.000000000000000000e+00 5.274729999999999697e-01 7.182600000000000096e-01 1.000000000000000000e+00
6.710530000000000106e-01 1.818180000000000074e-01 5.347589999999999844e-01 1.000000000000000000e+00 3.913039999999999852e-01 6.482759999999999634e-01 6.012659999999999672e-01 0.000000000000000000e+00 4.858040000000000136e-01 4.795220000000000038e-01 1.000000000000000000e+00 5.897440000000000460e-01 8.823109999999999564e-01 1.000000000000000000e+00
6.973690000000000166e-01 2.154149999999999954e-01 5.347589999999999844e-01 1.000000000000000000e+00 3.695649999999999769e-01 4.965519999999999934e-01 4.957810000000000272e-01 2.000000000000000000e+00 4.921139999999999959e-01 2.184300000000000130e-01 2.000000000000000000e+00 5.860809999999999631e-01 5.078460000000000196e-01 1.000000000000000000e+00
7.184209999999999763e-01 1.561259999999999870e-01 7.165780000000000483e-01 1.000000000000000000e+00 6.739129999999999843e-01 6.793099999999999694e-01 5.063290000000000290e-01 3.000000000000000000e+00 2.965300000000000158e-01 3.515360000000000151e-01 2.000000000000000000e+00 6.337000000000000410e-01 6.825959999999999805e-01 1.000000000000000000e+00
6.526319999999999899e-01 2.094860000000000055e-01 6.898400000000000087e-01 1.000000000000000000e+00 4.347829999999999750e-01 4.724140000000000006e-01 4.620250000000000190e-01 1.000000000000000000e+00 3.564669999999999783e-01 2.491470000000000073e-01 2.000000000000000000e+00 5.860809999999999631e-01 5.827390000000000070e-01 1.000000000000000000e+00
6.447370000000000045e-01 2.114620000000000111e-01 5.614970000000000239e-01 2.000000000000000000e+00 3.260870000000000157e-01 5.931030000000000468e-01 5.569619999999999571e-01 1.000000000000000000e+00 4.574130000000000140e-01 3.259389999999999787e-01 1.000000000000000000e+00 8.058610000000000495e-01 4.579170000000000185e-01 1.000000000000000000e+00
5.921049999999999924e-01 1.778659999999999963e-01 7.914440000000000364e-01 1.000000000000000000e+00 4.347829999999999750e-01 5.586210000000000342e-01 4.936710000000000265e-01 1.000000000000000000e+00 2.996849999999999792e-01 2.832759999999999723e-01 1.000000000000000000e+00 5.531139999999999946e-01 4.293870000000000187e-01 1.000000000000000000e+00
5.315790000000000237e-01 1.798420000000000019e-01 6.363640000000000407e-01 1.000000000000000000e+00 3.043480000000000074e-01 5.068970000000000420e-01 4.409279999999999866e-01 1.000000000000000000e+00 3.249210000000000154e-01 2.534129999999999994e-01 2.000000000000000000e+00 4.542120000000000046e-01 5.898719999999999519e-01 1.000000000000000000e+00
5.368420000000000414e-01 1.501979999999999982e-01 3.957220000000000182e-01 1.000000000000000000e+00 3.043480000000000074e-01 4.896550000000000069e-01 4.852319999999999967e-01 1.000000000000000000e+00 3.028390000000000248e-01 2.064850000000000019e-01 2.000000000000000000e+00 5.201470000000000260e-01 5.292440000000000477e-01 1.000000000000000000e+00
8.394740000000000535e-01 6.422919999999999741e-01 6.149729999999999919e-01 0.000000000000000000e+00 6.304349999999999676e-01 6.965519999999999490e-01 5.696200000000000152e-01 0.000000000000000000e+00 5.268140000000000045e-01 3.259389999999999787e-01 1.000000000000000000e+00 8.278389999999999915e-01 3.437950000000000172e-01 1.000000000000000000e+00
6.657899999999999929e-01 1.917000000000000093e-01 5.080209999999999448e-01 1.000000000000000000e+00 5.108700000000000463e-01 7.482760000000000522e-01 6.223629999999999995e-01 1.000000000000000000e+00 6.088329999999999576e-01 4.138229999999999964e-01 1.000000000000000000e+00 7.728939999999999699e-01 3.687590000000000034e-01 1.000000000000000000e+00
6.263159999999999838e-01 6.126479999999999704e-01 4.064169999999999727e-01 1.000000000000000000e+00 2.173910000000000009e-01 5.068970000000000420e-01 4.936710000000000265e-01 1.000000000000000000e+00 3.375389999999999779e-01 2.559730000000000061e-01 1.000000000000000000e+00 6.337000000000000410e-01 5.399429999999999508e-01 1.000000000000000000e+00
7.500000000000000000e-01 2.272730000000000028e-01 6.577539999999999498e-01 0.000000000000000000e+00 3.369570000000000065e-01 7.827589999999999826e-01 6.793249999999999567e-01 0.000000000000000000e+00 4.069400000000000239e-01 3.540960000000000218e-01 1.000000000000000000e+00 8.388280000000000181e-01 5.827390000000000070e-01 1.000000000000000000e+00
5.815789999999999571e-01 6.403159999999999963e-01 4.973259999999999903e-01 1.000000000000000000e+00 3.586960000000000148e-01 5.724139999999999784e-01 4.831219999999999959e-01 1.000000000000000000e+00 3.943220000000000058e-01 2.627990000000000048e-01 1.000000000000000000e+00 6.337000000000000410e-01 2.867330000000000156e-01 1.000000000000000000e+00
5.315790000000000237e-01 2.035569999999999879e-01 3.957220000000000182e-01 1.000000000000000000e+00 4.021739999999999760e-01 6.965519999999999490e-01 5.611810000000000409e-01 1.000000000000000000e+00 5.110409999999999675e-01 3.208190000000000208e-01 1.000000000000000000e+00 7.619050000000000544e-01 4.329529999999999768e-01 1.000000000000000000e+00
8.368419999999999748e-01 6.521740000000000315e-01 5.775400000000000533e-01 1.000000000000000000e+00 4.456519999999999926e-01 6.448279999999999568e-01 4.873419999999999974e-01 1.000000000000000000e+00 2.649839999999999973e-01 3.378840000000000177e-01 1.000000000000000000e+00 7.545789999999999997e-01 5.720399999999999929e-01 1.000000000000000000e+00
8.815790000000000015e-01 5.632409999999999917e-01 4.919789999999999996e-01 1.000000000000000000e+00 3.478260000000000240e-01 7.827589999999999826e-01 5.970459999999999656e-01 1.000000000000000000e+00 5.615139999999999576e-01 3.088739999999999819e-01 1.000000000000000000e+00 7.948720000000000230e-01 5.613409999999999789e-01 1.000000000000000000e+00
7.552630000000000177e-01 1.857709999999999917e-01 4.064169999999999727e-01 1.000000000000000000e+00 3.369570000000000065e-01 7.310339999999999616e-01 6.434600000000000319e-01 0.000000000000000000e+00 5.457410000000000316e-01 4.112629999999999897e-01 1.000000000000000000e+00 7.545789999999999997e-01 5.042799999999999505e-01 1.000000000000000000e+00
8.078950000000000298e-01 2.529640000000000222e-01 5.561500000000000332e-01 1.000000000000000000e+00 3.586960000000000148e-01 6.103450000000000264e-01 5.443040000000000100e-01 1.000000000000000000e+00 6.214509999999999756e-01 4.197949999999999737e-01 1.000000000000000000e+00 5.421249999999999680e-01 5.577750000000000208e-01 1.000000000000000000e+00
7.657890000000000530e-01 1.956519999999999926e-01 4.866309999999999802e-01 1.000000000000000000e+00 4.130429999999999935e-01 6.551719999999999766e-01 6.751059999999999839e-01 1.000000000000000000e+00 5.268140000000000045e-01 6.501710000000000544e-01 2.000000000000000000e+00 6.703299999999999814e-01 7.004280000000000506e-01 1.000000000000000000e+00
5.315790000000000237e-01 1.956519999999999926e-01 3.636360000000000148e-01 0.000000000000000000e+00 2.391300000000000092e-01 5.999999999999999778e-01 6.181429999999999980e-01 0.000000000000000000e+00 7.886440000000000117e-01 5.051189999999999847e-01 2.000000000000000000e+00 6.007329999999999615e-01 6.219689999999999941e-01 1.000000000000000000e+00
7.368419999999999970e-01 1.798420000000000019e-01 6.631019999999999692e-01 1.000000000000000000e+00 2.608699999999999908e-01 5.068970000000000420e-01 5.590720000000000134e-01 0.000000000000000000e+00 5.930600000000000316e-01 3.686010000000000120e-01 2.000000000000000000e+00 7.692309999999999981e-01 7.039940000000000087e-01 1.000000000000000000e+00
7.342100000000000293e-01 1.996050000000000046e-01 5.668450000000000433e-01 0.000000000000000000e+00 4.456519999999999926e-01 1.000000000000000000e+00 7.173000000000000487e-01 1.000000000000000000e+00 4.605679999999999774e-01 4.923210000000000086e-01 1.000000000000000000e+00 7.289379999999999749e-01 6.504990000000000494e-01 1.000000000000000000e+00
7.210530000000000550e-01 2.292490000000000083e-01 7.058820000000000094e-01 1.000000000000000000e+00 4.891300000000000092e-01 6.965519999999999490e-01 5.168779999999999486e-01 2.000000000000000000e+00 4.006310000000000149e-01 4.283279999999999865e-01 2.000000000000000000e+00 6.080590000000000162e-01 7.824539999999999829e-01 1.000000000000000000e+00
7.131579999999999586e-01 1.837940000000000129e-01 4.759360000000000257e-01 1.000000000000000000e+00 5.217389999999999528e-01 5.586210000000000342e-01 5.400840000000000085e-01 0.000000000000000000e+00 3.817030000000000145e-01 3.899320000000000008e-01 1.000000000000000000e+00 7.069600000000000328e-01 5.577750000000000208e-01 1.000000000000000000e+00
6.657899999999999929e-01 1.956519999999999926e-01 5.882349999999999524e-01 2.000000000000000000e+00 5.000000000000000000e-01 6.827590000000000048e-01 5.147680000000000033e-01 0.000000000000000000e+00 6.435330000000000217e-01 4.240610000000000213e-01 1.000000000000000000e+00 6.446889999999999565e-01 6.005709999999999660e-01 1.000000000000000000e+00
8.394740000000000535e-01 1.897230000000000028e-01 5.026739999999999542e-01 1.000000000000000000e+00 5.217389999999999528e-01 7.655170000000000030e-01 5.611810000000000409e-01 1.000000000000000000e+00 5.110409999999999675e-01 4.351539999999999853e-01 1.000000000000000000e+00 7.472529999999999450e-01 4.935809999999999920e-01 1.000000000000000000e+00
5.947369999999999601e-01 2.430829999999999935e-01 7.058820000000000094e-01 1.000000000000000000e+00 3.478260000000000240e-01 6.965519999999999490e-01 6.097050000000000525e-01 1.000000000000000000e+00 3.943220000000000058e-01 4.027299999999999769e-01 1.000000000000000000e+00 5.750920000000000476e-01 7.075609999999999955e-01 1.000000000000000000e+00
7.078950000000000520e-01 1.363640000000000130e-01 6.096260000000000012e-01 1.000000000000000000e+00 4.130429999999999935e-01 8.344829999999999748e-01 7.025320000000000453e-01 0.000000000000000000e+00 5.141959999999999864e-01 4.709900000000000198e-01 1.000000000000000000e+00 5.860809999999999631e-01 7.182600000000000096e-01 1.000000000000000000e+00
3.526320000000000010e-01 3.952599999999999864e-02 0.000000000000000000e+00 0.000000000000000000e+00 1.956519999999999926e-01 3.448280000000000234e-01 4.852299999999999669e-02 1.000000000000000000e+00 3.154999999999999818e-03 5.716700000000000254e-02 1.000000000000000000e+00 2.014650000000000052e-01 1.726109999999999867e-01 2.000000000000000000e+00
3.421049999999999924e-01 7.114600000000000091e-02 4.919789999999999996e-01 1.000000000000000000e+00 3.369570000000000065e-01 3.689649999999999874e-01 1.582280000000000075e-01 4.000000000000000000e+00 0.000000000000000000e+00 1.697950000000000015e-01 2.000000000000000000e+00 1.465200000000000113e-01 2.867330000000000156e-01 2.000000000000000000e+00
4.236840000000000050e-01 1.225300000000000000e-01 3.529410000000000047e-01 1.000000000000000000e+00 3.260870000000000157e-01 3.586210000000000231e-01 2.257379999999999942e-01 3.000000000000000000e+00 6.624599999999999933e-02 3.813989999999999880e-01 1.000000000000000000e+00 1.172160000000000007e-01 1.226819999999999994e-01 2.000000000000000000e+00
6.947370000000000489e-01 1.007910000000000056e-01 2.994649999999999812e-01 1.000000000000000000e+00 2.608699999999999908e-01 3.862070000000000225e-01 3.059069999999999845e-01 1.000000000000000000e+00 1.009459999999999941e-01 2.150170000000000137e-01 2.000000000000000000e+00 4.358969999999999789e-01 2.510700000000000154e-01 2.000000000000000000e+00
3.526320000000000010e-01 7.707500000000000462e-02 4.278080000000000216e-01 1.000000000000000000e+00 1.847830000000000028e-01 8.689660000000000162e-01 5.822779999999999623e-01 0.000000000000000000e+00 4.605679999999999774e-01 2.704779999999999962e-01 2.000000000000000000e+00 5.860809999999999631e-01 1.012839999999999990e-01 2.000000000000000000e+00
2.999999999999999889e-01 1.403159999999999963e-01 6.256680000000000019e-01 1.000000000000000000e+00 3.695649999999999769e-01 3.137929999999999886e-01 2.974680000000000102e-01 3.000000000000000000e+00 1.955840000000000078e-01 1.424910000000000065e-01 3.000000000000000000e+00 3.516480000000000161e-01 5.492199999999999860e-02 2.000000000000000000e+00
3.526320000000000010e-01 9.288499999999999535e-02 6.417110000000000314e-01 1.000000000000000000e+00 3.043480000000000074e-01 4.965519999999999934e-01 4.873419999999999974e-01 2.000000000000000000e+00 5.268140000000000045e-01 2.832759999999999723e-01 2.000000000000000000e+00 3.772889999999999855e-01 2.853069999999999773e-01 2.000000000000000000e+00
5.473679999999999657e-01 5.335999999999999771e-02 1.818180000000000074e-01 0.000000000000000000e+00 8.695700000000000651e-02 6.896550000000000180e-01 5.991560000000000219e-01 1.000000000000000000e+00 5.899050000000000127e-01 3.430030000000000023e-01 2.000000000000000000e+00 6.996339999999999781e-01 1.597719999999999974e-01 2.000000000000000000e+00
3.526320000000000010e-01 8.497999999999999998e-02 2.994649999999999812e-01 1.000000000000000000e+00 8.695700000000000651e-02 3.896549999999999736e-01 3.502109999999999945e-01 1.000000000000000000e+00 1.987379999999999980e-01 2.901020000000000265e-01 2.000000000000000000e+00 8.095240000000000213e-01 1.654779999999999862e-01 2.000000000000000000e+00
6.078949999999999632e-01 3.952599999999999864e-02 5.347589999999999844e-01 1.000000000000000000e+00 4.347829999999999750e-01 5.344830000000000414e-01 2.025319999999999898e-01 3.000000000000000000e+00 3.154999999999999818e-03 1.612629999999999897e-01 1.000000000000000000e+00 2.417580000000000007e-01 3.366620000000000168e-01 2.000000000000000000e+00
3.105260000000000242e-01 8.893299999999999816e-02 2.085559999999999914e-01 1.000000000000000000e+00 8.804349999999999676e-01 2.999999999999999889e-01 1.983119999999999883e-01 0.000000000000000000e+00 6.593059999999999476e-01 1.339589999999999947e-01 2.000000000000000000e+00 6.593409999999999549e-01 3.138369999999999771e-01 2.000000000000000000e+00
3.315790000000000126e-01 1.719370000000000065e-01 4.545449999999999768e-01 2.000000000000000000e+00 3.586960000000000148e-01 4.137899999999999912e-02 1.434600000000000042e-01 2.000000000000000000e+00 3.312300000000000244e-01 1.510239999999999916e-01 1.000000000000000000e+00 2.014650000000000052e-01 4.222540000000000182e-01 2.000000000000000000e+00
7.447369999999999823e-01 1.521740000000000037e-01 7.005350000000000188e-01 2.000000000000000000e+00 1.739130000000000120e-01 6.793099999999999694e-01 5.316459999999999519e-01 0.000000000000000000e+00 4.605679999999999774e-01 1.791810000000000069e-01 2.000000000000000000e+00 6.923080000000000345e-01 9.415099999999999858e-02 2.000000000000000000e+00
6.473680000000000545e-01 1.818180000000000074e-01 4.705880000000000063e-01 2.000000000000000000e+00 1.847830000000000028e-01 3.103449999999999820e-01 3.164560000000000151e-01 1.000000000000000000e+00 1.955840000000000078e-01 2.098980000000000012e-01 1.000000000000000000e+00 5.531139999999999946e-01 1.383739999999999970e-01 2.000000000000000000e+00
5.157890000000000530e-01 1.837940000000000129e-01 6.631019999999999692e-01 3.000000000000000000e+00 7.500000000000000000e-01 8.000000000000000444e-01 5.379749999999999810e-01 0.000000000000000000e+00 4.889589999999999770e-01 1.766210000000000002e-01 2.000000000000000000e+00 8.168499999999999650e-01 5.042799999999999505e-01 2.000000000000000000e+00
2.447370000000000101e-01 6.916999999999999538e-02 5.026739999999999542e-01 2.000000000000000000e+00 3.369570000000000065e-01 8.275860000000000438e-01 3.797470000000000012e-01 0.000000000000000000e+00 3.911669999999999869e-01 1.646759999999999891e-01 1.000000000000000000e+00 6.813190000000000079e-01 4.336659999999999959e-01 2.000000000000000000e+00
1.657889999999999919e-01 2.252959999999999963e-01 2.994649999999999812e-01 1.000000000000000000e+00 2.934780000000000166e-01 2.172409999999999897e-01 2.594940000000000024e-01 1.000000000000000000e+00 2.334380000000000066e-01 2.150170000000000137e-01 2.000000000000000000e+00 3.186809999999999921e-01 1.069900000000000018e-01 2.000000000000000000e+00
5.263160000000000061e-01 3.162100000000000327e-02 1.871659999999999990e-01 1.000000000000000000e+00 1.739130000000000120e-01 3.344829999999999748e-01 3.565400000000000236e-01 1.000000000000000000e+00 3.312300000000000244e-01 2.832759999999999723e-01 2.000000000000000000e+00 4.432229999999999781e-01 8.131199999999999539e-02 2.000000000000000000e+00
2.131579999999999864e-01 4.249009999999999732e-01 4.652410000000000156e-01 1.000000000000000000e+00 4.565219999999999834e-01 2.551720000000000099e-01 2.067509999999999903e-01 2.000000000000000000e+00 1.703469999999999984e-01 1.168939999999999979e-01 1.000000000000000000e+00 4.578749999999999765e-01 1.583450000000000135e-01 2.000000000000000000e+00
3.421049999999999924e-01 4.940699999999999953e-02 3.155080000000000107e-01 0.000000000000000000e+00 7.173910000000000009e-01 3.172409999999999952e-01 3.185649999999999871e-01 2.000000000000000000e+00 7.413250000000000117e-01 1.808869999999999922e-01 1.000000000000000000e+00 3.809520000000000128e-01 3.366620000000000168e-01 2.000000000000000000e+00
4.394739999999999758e-01 6.185770000000000435e-01 5.561500000000000332e-01 2.000000000000000000e+00 3.369570000000000065e-01 6.379310000000000258e-01 4.662450000000000205e-01 2.000000000000000000e+00 4.858040000000000136e-01 1.100679999999999992e-01 2.000000000000000000e+00 6.813190000000000079e-01 1.319539999999999880e-01 2.000000000000000000e+00
2.552630000000000177e-01 3.557300000000000045e-02 3.422459999999999947e-01 1.000000000000000000e+00 1.739130000000000120e-01 4.965519999999999934e-01 4.050630000000000064e-01 1.000000000000000000e+00 3.217670000000000252e-01 1.040959999999999941e-01 2.000000000000000000e+00 6.776560000000000361e-01 0.000000000000000000e+00 2.000000000000000000e+00
4.447369999999999934e-01 2.114620000000000111e-01 4.491979999999999862e-01 1.000000000000000000e+00 1.739130000000000120e-01 4.206900000000000084e-01 4.620250000000000190e-01 1.000000000000000000e+00 4.290220000000000145e-01 2.235499999999999987e-01 2.000000000000000000e+00 6.849819999999999798e-01 3.109839999999999827e-01 2.000000000000000000e+00
2.763160000000000061e-01 7.707500000000000462e-02 6.149729999999999919e-01 2.000000000000000000e+00 8.695700000000000651e-02 3.517239999999999811e-01 2.616029999999999744e-01 2.000000000000000000e+00 3.123029999999999973e-01 7.849799999999999833e-02 2.000000000000000000e+00 5.311360000000000525e-01 2.510700000000000154e-01 2.000000000000000000e+00
5.315790000000000237e-01 6.166009999999999547e-01 5.133689999999999642e-01 2.000000000000000000e+00 1.630429999999999935e-01 2.310339999999999894e-01 2.637129999999999752e-01 4.000000000000000000e+00 3.817030000000000145e-01 3.003410000000000246e-01 1.000000000000000000e+00 2.710620000000000251e-01 1.690439999999999998e-01 2.000000000000000000e+00
2.131579999999999864e-01 2.964400000000000021e-02 6.524060000000000414e-01 1.000000000000000000e+00 2.608699999999999908e-01 4.206900000000000084e-01 3.945150000000000046e-01 0.000000000000000000e+00 6.119869999999999477e-01 1.510239999999999916e-01 1.000000000000000000e+00 6.630040000000000378e-01 1.726109999999999867e-01 2.000000000000000000e+00
4.315789999999999904e-01 4.743100000000000094e-02 4.705880000000000063e-01 1.000000000000000000e+00 3.152170000000000250e-01 4.206900000000000084e-01 3.375529999999999919e-01 1.000000000000000000e+00 3.312300000000000244e-01 1.143340000000000051e-01 2.000000000000000000e+00 6.923080000000000345e-01 1.226819999999999994e-01 2.000000000000000000e+00
2.973680000000000212e-01 1.719370000000000065e-01 5.080209999999999448e-01 2.000000000000000000e+00 2.173910000000000009e-01 2.758619999999999961e-01 2.848100000000000076e-01 2.000000000000000000e+00 3.627759999999999874e-01 9.982900000000000107e-02 2.000000000000000000e+00 3.626369999999999871e-01 1.547789999999999999e-01 2.000000000000000000e+00
1.631579999999999975e-01 1.837940000000000129e-01 6.737969999999999793e-01 3.000000000000000000e+00 1.956519999999999926e-01 3.241379999999999817e-01 2.679329999999999767e-01 2.000000000000000000e+00 2.933749999999999969e-01 1.126280000000000059e-01 2.000000000000000000e+00 7.106230000000000047e-01 2.025679999999999981e-01 2.000000000000000000e+00
1.605260000000000020e-01 2.608699999999999908e-01 5.882349999999999524e-01 2.000000000000000000e+00 1.521740000000000037e-01 3.344829999999999748e-01 2.848100000000000076e-01 3.000000000000000000e+00 2.965300000000000158e-01 1.296930000000000027e-01 1.000000000000000000e+00 5.421249999999999680e-01 2.867330000000000156e-01 2.000000000000000000e+00
2.763160000000000061e-01 1.166009999999999963e-01 5.026739999999999542e-01 2.000000000000000000e+00 0.000000000000000000e+00 4.206900000000000084e-01 2.637129999999999752e-01 2.000000000000000000e+00 3.059939999999999882e-01 3.924899999999999917e-02 1.000000000000000000e+00 7.106230000000000047e-01 2.475040000000000018e-01 2.000000000000000000e+00
2.763160000000000061e-01 2.154149999999999954e-01 5.133689999999999642e-01 1.000000000000000000e+00 1.195650000000000046e-01 2.137930000000000108e-01 2.447259999999999991e-01 3.000000000000000000e+00 3.880129999999999968e-01 9.556299999999999517e-02 1.000000000000000000e+00 3.663000000000000145e-01 1.440800000000000136e-01 2.000000000000000000e+00
2.552630000000000177e-01 1.521740000000000037e-01 5.668450000000000433e-01 2.000000000000000000e+00 1.739130000000000120e-01 1.620689999999999908e-01 1.919829999999999870e-01 3.000000000000000000e+00 3.848579999999999779e-01 1.979519999999999891e-01 1.000000000000000000e+00 5.054950000000000276e-01 1.226819999999999994e-01 2.000000000000000000e+00
4.368420000000000081e-01 1.561259999999999870e-01 4.812830000000000163e-01 2.000000000000000000e+00 1.086960000000000010e-01 1.379309999999999981e-01 2.362869999999999970e-01 4.000000000000000000e+00 3.817030000000000145e-01 1.510239999999999916e-01 1.000000000000000000e+00 2.893769999999999953e-01 1.547789999999999999e-01 2.000000000000000000e+00
3.315790000000000126e-01 4.130429999999999935e-01 4.598929999999999962e-01 1.000000000000000000e+00 1.956519999999999926e-01 5.068970000000000420e-01 4.029539999999999789e-01 1.000000000000000000e+00 4.984230000000000049e-01 7.423200000000000631e-02 2.000000000000000000e+00 7.435899999999999732e-01 8.559000000000000635e-03 2.000000000000000000e+00
1.552630000000000121e-01 2.470360000000000056e-01 4.919789999999999996e-01 1.000000000000000000e+00 3.043480000000000074e-01 7.034479999999999622e-01 4.050630000000000064e-01 0.000000000000000000e+00 2.965300000000000158e-01 1.680889999999999884e-01 2.000000000000000000e+00 6.190480000000000427e-01 4.778899999999999815e-02 2.000000000000000000e+00
3.789469999999999783e-01 1.541500000000000092e-01 4.491979999999999862e-01 1.000000000000000000e+00 1.000000000000000000e+00 5.241379999999999928e-01 4.071730000000000071e-01 1.000000000000000000e+00 9.053630000000000289e-01 1.126280000000000059e-01 2.000000000000000000e+00 4.981689999999999729e-01 4.700429999999999886e-01 2.000000000000000000e+00
2.052630000000000010e-01 2.727269999999999972e-01 7.379679999999999573e-01 2.000000000000000000e+00 6.956520000000000481e-01 2.137930000000000108e-01 1.371310000000000029e-01 0.000000000000000000e+00 3.627759999999999874e-01 1.040959999999999941e-01 1.000000000000000000e+00 3.626369999999999871e-01 2.475040000000000018e-01 2.000000000000000000e+00
3.315790000000000126e-01 1.324110000000000009e-01 3.315509999999999846e-01 1.000000000000000000e+00 1.630429999999999935e-01 5.413790000000000546e-01 4.556959999999999900e-01 1.000000000000000000e+00 4.290220000000000145e-01 1.382249999999999868e-01 2.000000000000000000e+00 5.384619999999999962e-01 1.069900000000000018e-01 2.000000000000000000e+00
3.526320000000000010e-01 6.521699999999999720e-02 3.957220000000000182e-01 1.000000000000000000e+00 1.956519999999999926e-01 8.758620000000000294e-01 7.194089999999999652e-01 1.000000000000000000e+00 4.858040000000000136e-01 2.747439999999999882e-01 1.000000000000000000e+00 5.494510000000000227e-01 2.724679999999999880e-01 2.000000000000000000e+00
3.315790000000000126e-01 4.802370000000000250e-01 4.545449999999999768e-01 1.000000000000000000e+00 1.956519999999999926e-01 6.448279999999999568e-01 5.590720000000000134e-01 3.000000000000000000e+00 7.570980000000000487e-01 8.703099999999999725e-02 3.000000000000000000e+00 5.714289999999999647e-01 9.129800000000000415e-02 2.000000000000000000e+00
2.763160000000000061e-01 2.648220000000000018e-01 1.818180000000000074e-01 1.000000000000000000e+00 2.934780000000000166e-01 4.310339999999999727e-01 3.860759999999999748e-01 1.000000000000000000e+00 3.123029999999999973e-01 1.723550000000000082e-01 2.000000000000000000e+00 6.190480000000000427e-01 3.081309999999999882e-01 2.000000000000000000e+00
4.131580000000000252e-01 1.185770000000000018e-01 2.887700000000000267e-01 1.000000000000000000e+00 1.956519999999999926e-01 1.620689999999999908e-01 2.151899999999999924e-01 1.000000000000000000e+00 2.965300000000000158e-01 9.982900000000000107e-02 1.000000000000000000e+00 5.494510000000000227e-01 2.025679999999999981e-01 2.000000000000000000e+00
3.447370000000000156e-01 3.379449999999999954e-01 5.882349999999999524e-01 2.000000000000000000e+00 3.043480000000000074e-01 5.448279999999999790e-01 3.734180000000000277e-01 1.000000000000000000e+00 2.839119999999999977e-01 1.296930000000000027e-01 1.000000000000000000e+00 7.728939999999999699e-01 1.141230000000000022e-01 2.000000000000000000e+00
2.078949999999999965e-01 1.936759999999999871e-01 2.780750000000000166e-01 1.000000000000000000e+00 1.739130000000000120e-01 5.241379999999999928e-01 2.742620000000000058e-01 2.000000000000000000e+00 3.186120000000000063e-01 6.655300000000000105e-02 1.000000000000000000e+00 4.285709999999999797e-01 9.771799999999999931e-02 2.000000000000000000e+00
3.894739999999999869e-01 1.956519999999999926e-01 3.315509999999999846e-01 2.000000000000000000e+00 1.630429999999999935e-01 4.206900000000000084e-01 3.333329999999999904e-01 1.000000000000000000e+00 3.375389999999999779e-01 1.416379999999999861e-01 1.000000000000000000e+00 8.424909999999999899e-01 2.810270000000000268e-01 2.000000000000000000e+00
3.657900000000000040e-01 3.577080000000000259e-01 4.866309999999999802e-01 2.000000000000000000e+00 2.173910000000000009e-01 2.413790000000000102e-01 3.164560000000000151e-01 4.000000000000000000e+00 3.186120000000000063e-01 1.211600000000000038e-01 1.000000000000000000e+00 7.435899999999999732e-01 2.639100000000000126e-02 2.000000000000000000e+00
3.210529999999999773e-01 1.956519999999999926e-01 4.064169999999999727e-01 1.000000000000000000e+00 1.086960000000000010e-01 2.310339999999999894e-01 3.565400000000000236e-01 2.000000000000000000e+00 3.848579999999999779e-01 1.808869999999999922e-01 1.000000000000000000e+00 6.959710000000000063e-01 1.654779999999999862e-01 2.000000000000000000e+00
4.447369999999999934e-01 1.996050000000000046e-01 4.919789999999999996e-01 2.000000000000000000e+00 1.521740000000000037e-01 1.379309999999999981e-01 2.995780000000000109e-01 3.000000000000000000e+00 3.848579999999999779e-01 1.723550000000000082e-01 1.000000000000000000e+00 4.212449999999999806e-01 1.497860000000000025e-01 2.000000000000000000e+00
3.131579999999999919e-01 1.086960000000000010e-01 3.101599999999999913e-01 1.000000000000000000e+00 2.391300000000000092e-01 4.758620000000000072e-01 3.586500000000000243e-01 2.000000000000000000e+00 5.268140000000000045e-01 1.211600000000000038e-01 1.000000000000000000e+00 6.410259999999999847e-01 2.425100000000000172e-02 2.000000000000000000e+00
1.526319999999999899e-01 1.205529999999999935e-01 7.165780000000000483e-01 1.000000000000000000e+00 2.608699999999999908e-01 6.068970000000000198e-01 5.443040000000000100e-01 1.000000000000000000e+00 6.561510000000000398e-01 1.168939999999999979e-01 1.000000000000000000e+00 7.289379999999999749e-01 2.867330000000000156e-01 2.000000000000000000e+00
1.131579999999999947e-01 5.928849999999999953e-01 2.459890000000000132e-01 1.000000000000000000e+00 4.021739999999999760e-01 7.586209999999999898e-01 4.725739999999999941e-01 1.000000000000000000e+00 1.000000000000000000e+00 1.382249999999999868e-01 0.000000000000000000e+00 5.641030000000000211e-01 2.025679999999999981e-01 2.000000000000000000e+00
3.921049999999999813e-01 3.339920000000000111e-01 4.331550000000000122e-01 2.000000000000000000e+00 1.956519999999999926e-01 5.413790000000000546e-01 4.071730000000000071e-01 1.000000000000000000e+00 2.555209999999999981e-01 6.143300000000000149e-02 1.000000000000000000e+00 5.531139999999999946e-01 3.352399999999999824e-02 2.000000000000000000e+00
1.921049999999999980e-01 3.833989999999999898e-01 8.342249999999999943e-01 1.000000000000000000e+00 3.586960000000000148e-01 2.655170000000000030e-01 3.565400000000000236e-01 4.000000000000000000e+00 2.018929999999999891e-01 2.150170000000000137e-01 2.000000000000000000e+00 4.505489999999999773e-01 2.346650000000000125e-01 2.000000000000000000e+00
1.000000000000000056e-01 0.000000000000000000e+00 6.096260000000000012e-01 2.000000000000000000e+00 1.956519999999999926e-01 5.172409999999999508e-01 3.523209999999999953e-01 2.000000000000000000e+00 3.249210000000000154e-01 1.535839999999999983e-01 2.000000000000000000e+00 3.809520000000000128e-01 1.112699999999999939e-01 2.000000000000000000e+00
2.763160000000000061e-01 1.284579999999999889e-01 6.096260000000000012e-01 2.000000000000000000e+00 1.521740000000000037e-01 5.448279999999999790e-01 4.113919999999999799e-01 2.000000000000000000e+00 1.987379999999999980e-01 1.382249999999999868e-01 1.000000000000000000e+00 7.032969999999999500e-01 7.631999999999999895e-02 2.000000000000000000e+00
0.000000000000000000e+00 1.521740000000000037e-01 4.491979999999999862e-01 2.000000000000000000e+00 1.630429999999999935e-01 5.103450000000000486e-01 3.860759999999999748e-01 3.000000000000000000e+00 5.047319999999999585e-01 5.290099999999999664e-02 3.000000000000000000e+00 5.860809999999999631e-01 9.201099999999999557e-02 2.000000000000000000e+00
2.078949999999999965e-01 1.442690000000000083e-01 3.368979999999999753e-01 2.000000000000000000e+00 1.739130000000000120e-01 3.448280000000000234e-01 2.658229999999999760e-01 1.000000000000000000e+00 3.533120000000000149e-01 5.716700000000000254e-02 1.000000000000000000e+00 7.545789999999999997e-01 1.547789999999999999e-01 2.000000000000000000e+00
3.657900000000000040e-01 1.719370000000000065e-01 4.438500000000000223e-01 2.000000000000000000e+00 4.130429999999999935e-01 3.517239999999999811e-01 3.691980000000000262e-01 1.000000000000000000e+00 3.785490000000000244e-01 6.655300000000000105e-02 1.000000000000000000e+00 6.190480000000000427e-01 4.778899999999999815e-02 2.000000000000000000e+00
4.578949999999999965e-01 5.316210000000000102e-01 3.315509999999999846e-01 1.000000000000000000e+00 1.086960000000000010e-01 2.241380000000000039e-01 1.919829999999999870e-01 2.000000000000000000e+00 1.324919999999999987e-01 1.808869999999999922e-01 0.000000000000000000e+00 3.113549999999999929e-01 6.704699999999999549e-02 2.000000000000000000e+00
2.552630000000000177e-01 5.316210000000000102e-01 3.422459999999999947e-01 1.000000000000000000e+00 1.847830000000000028e-01 3.517239999999999811e-01 2.742620000000000058e-01 2.000000000000000000e+00 4.605679999999999774e-01 0.000000000000000000e+00 1.000000000000000000e+00 6.520150000000000112e-01 2.039940000000000087e-01 2.000000000000000000e+00
1.105259999999999992e-01 3.280629999999999935e-01 5.668450000000000433e-01 1.000000000000000000e+00 2.826089999999999991e-01 6.620690000000000186e-01 5.168779999999999486e-01 1.000000000000000000e+00 4.479500000000000148e-01 1.680889999999999884e-01 1.000000000000000000e+00 7.765570000000000528e-01 2.475040000000000018e-01 2.000000000000000000e+00
1.394739999999999869e-01 2.588929999999999843e-01 1.000000000000000000e+00 3.000000000000000000e+00 5.326089999999999991e-01 7.586209999999999898e-01 1.000000000000000000e+00 3.000000000000000000e+00 4.605679999999999774e-01 4.027299999999999769e-01 1.000000000000000000e+00 8.864469999999999850e-01 1.333809999999999996e-01 2.000000000000000000e+00
3.657900000000000040e-01 7.292490000000000361e-01 7.326200000000000490e-01 3.000000000000000000e+00 3.478260000000000240e-01 4.206900000000000084e-01 3.776370000000000005e-01 2.000000000000000000e+00 4.100949999999999873e-01 6.825900000000000023e-02 1.000000000000000000e+00 6.776560000000000361e-01 6.205399999999999805e-02 2.000000000000000000e+00
5.315790000000000237e-01 1.000000000000000000e+00 4.117649999999999921e-01 2.000000000000000000e+00 1.739130000000000120e-01 5.655170000000000474e-01 4.873419999999999974e-01 1.000000000000000000e+00 5.047319999999999585e-01 1.126280000000000059e-01 0.000000000000000000e+00 6.703299999999999814e-01 7.275299999999999823e-02 2.000000000000000000e+00
2.210529999999999995e-01 7.055339999999999945e-01 5.508020000000000138e-01 2.000000000000000000e+00 1.304349999999999954e-01 6.482759999999999634e-01 5.675109999999999877e-01 0.000000000000000000e+00 7.886440000000000117e-01 1.296930000000000027e-01 0.000000000000000000e+00 8.681320000000000148e-01 7.275299999999999823e-02 2.000000000000000000e+00
2.736839999999999828e-01 2.806319999999999926e-01 4.331550000000000122e-01 2.000000000000000000e+00 1.630429999999999935e-01 5.586210000000000342e-01 4.873419999999999974e-01 2.000000000000000000e+00 2.965300000000000158e-01 1.262800000000000034e-01 1.000000000000000000e+00 7.362640000000000295e-01 7.132700000000000151e-02 2.000000000000000000e+00
3.684209999999999985e-01 1.561259999999999870e-01 4.973259999999999903e-01 2.000000000000000000e+00 1.739130000000000120e-01 6.068970000000000198e-01 5.928269999999999929e-01 2.000000000000000000e+00 4.290220000000000145e-01 2.269619999999999971e-01 0.000000000000000000e+00 5.750920000000000476e-01 5.278200000000000253e-02 2.000000000000000000e+00
2.000000000000000111e-01 2.747040000000000037e-01 7.593579999999999774e-01 3.000000000000000000e+00 2.391300000000000092e-01 3.965520000000000156e-01 4.008439999999999781e-01 4.000000000000000000e+00 4.258680000000000243e-01 1.467579999999999996e-01 1.000000000000000000e+00 4.285709999999999797e-01 1.340939999999999910e-01 2.000000000000000000e+00
3.526320000000000010e-01 1.758889999999999898e-01 5.026739999999999542e-01 2.000000000000000000e+00 1.956519999999999926e-01 4.275860000000000216e-01 4.451479999999999881e-01 2.000000000000000000e+00 4.700320000000000054e-01 7.167199999999999960e-02 1.000000000000000000e+00 5.531139999999999946e-01 4.564900000000000208e-02 2.000000000000000000e+00
2.657900000000000262e-01 7.035569999999999879e-01 5.454550000000000232e-01 2.000000000000000000e+00 1.086960000000000010e-01 3.862070000000000225e-01 2.974680000000000102e-01 2.000000000000000000e+00 2.965300000000000158e-01 1.126280000000000059e-01 1.000000000000000000e+00 4.761900000000000022e-01 2.154069999999999874e-01 2.000000000000000000e+00
4.815789999999999793e-01 1.205529999999999935e-01 5.133689999999999642e-01 1.000000000000000000e+00 5.652169999999999694e-01 1.827590000000000048e-01 1.919829999999999870e-01 0.000000000000000000e+00 1.671920000000000073e-01 2.406139999999999946e-01 0.000000000000000000e+00 7.326000000000000047e-03 2.510700000000000154e-01 3.000000000000000000e+00
4.868419999999999970e-01 4.446640000000000037e-01 5.561500000000000332e-01 1.000000000000000000e+00 3.695649999999999769e-01 1.103449999999999986e-01 1.856540000000000135e-01 1.000000000000000000e+00 1.324919999999999987e-01 3.515360000000000151e-01 0.000000000000000000e+00 5.494500000000000078e-02 1.797430000000000139e-01 3.000000000000000000e+00
4.684209999999999763e-01 3.102770000000000250e-01 5.561500000000000332e-01 2.000000000000000000e+00 3.043480000000000074e-01 5.862099999999999950e-02 1.582280000000000075e-01 1.000000000000000000e+00 1.324919999999999987e-01 3.771329999999999960e-01 0.000000000000000000e+00 3.296700000000000325e-02 2.011409999999999865e-01 3.000000000000000000e+00
4.394739999999999758e-01 5.553360000000000518e-01 5.347589999999999844e-01 2.000000000000000000e+00 3.913039999999999852e-01 2.482759999999999967e-01 1.814350000000000129e-01 0.000000000000000000e+00 1.356469999999999898e-01 3.174060000000000215e-01 0.000000000000000000e+00 7.326000000000000047e-03 2.296719999999999873e-01 3.000000000000000000e+00
3.894739999999999869e-01 9.881399999999999906e-02 4.759360000000000257e-01 1.000000000000000000e+00 1.630429999999999935e-01 3.517239999999999811e-01 5.063299999999999745e-02 4.000000000000000000e+00 2.649839999999999973e-01 3.558020000000000072e-01 0.000000000000000000e+00 8.791200000000000403e-02 2.653349999999999875e-01 3.000000000000000000e+00
4.131580000000000252e-01 3.399209999999999732e-01 4.491979999999999862e-01 1.000000000000000000e+00 2.608699999999999908e-01 2.206899999999999973e-01 6.751100000000000156e-02 4.000000000000000000e+00 1.671920000000000073e-01 4.965870000000000006e-01 0.000000000000000000e+00 1.135530000000000012e-01 2.974319999999999742e-01 3.000000000000000000e+00
3.210529999999999773e-01 7.865609999999999546e-01 6.310160000000000213e-01 2.000000000000000000e+00 2.065220000000000111e-01 1.379309999999999981e-01 2.742599999999999899e-02 3.000000000000000000e+00 1.230279999999999985e-01 2.192830000000000057e-01 0.000000000000000000e+00 0.000000000000000000e+00 3.152639999999999887e-01 3.000000000000000000e+00
3.947370000000000045e-01 9.426879999999999704e-01 6.844919999999999893e-01 2.000000000000000000e+00 2.826089999999999991e-01 2.793100000000000027e-01 5.485199999999999798e-02 4.000000000000000000e+00 2.176659999999999984e-01 3.174060000000000215e-01 1.000000000000000000e+00 1.538460000000000105e-01 1.690439999999999998e-01 3.000000000000000000e+00
6.473680000000000545e-01 5.632409999999999917e-01 4.438500000000000223e-01 1.000000000000000000e+00 1.956519999999999926e-01 2.206899999999999973e-01 2.953599999999999975e-02 4.000000000000000000e+00 1.482650000000000079e-01 3.771329999999999960e-01 1.000000000000000000e+00 2.014650000000000052e-01 2.154069999999999874e-01 3.000000000000000000e+00
4.763160000000000172e-01 4.387349999999999861e-01 6.684489999999999599e-01 2.000000000000000000e+00 3.369570000000000065e-01 4.620690000000000075e-01 5.485199999999999798e-02 3.000000000000000000e+00 1.261829999999999896e-01 3.105800000000000227e-01 1.000000000000000000e+00 3.223440000000000194e-01 2.225389999999999868e-01 3.000000000000000000e+00
5.000000000000000000e-01 4.090909999999999824e-01 7.165780000000000483e-01 2.000000000000000000e+00 2.826089999999999991e-01 1.931029999999999969e-01 3.375500000000000028e-02 3.000000000000000000e+00 1.072560000000000041e-01 2.832759999999999723e-01 0.000000000000000000e+00 3.809520000000000128e-01 2.296719999999999873e-01 3.000000000000000000e+00
6.131579999999999808e-01 3.596840000000000037e-01 5.294119999999999937e-01 1.000000000000000000e+00 2.065220000000000111e-01 1.448280000000000123e-01 3.375500000000000028e-02 2.000000000000000000e+00 7.255499999999999450e-02 3.686010000000000120e-01 0.000000000000000000e+00 4.395600000000000063e-01 3.580599999999999894e-01 3.000000000000000000e+00
6.552630000000000399e-01 4.802370000000000250e-01 7.272729999999999473e-01 2.000000000000000000e+00 2.934780000000000166e-01 1.965520000000000045e-01 3.797500000000000181e-02 3.000000000000000000e+00 4.416400000000000187e-02 2.619449999999999834e-01 1.000000000000000000e+00 2.893769999999999953e-01 1.726109999999999867e-01 3.000000000000000000e+00
6.815790000000000459e-01 8.320159999999999778e-01 5.294119999999999937e-01 1.000000000000000000e+00 2.391300000000000092e-01 3.517239999999999811e-01 9.704599999999999338e-02 3.000000000000000000e+00 1.924289999999999889e-01 2.662120000000000042e-01 1.000000000000000000e+00 2.857140000000000235e-01 1.940089999999999870e-01 3.000000000000000000e+00
3.210529999999999773e-01 6.205530000000000213e-01 4.491979999999999862e-01 1.000000000000000000e+00 4.565219999999999834e-01 1.379309999999999981e-01 9.282700000000000673e-02 1.000000000000000000e+00 2.302839999999999887e-01 5.912969999999999615e-01 0.000000000000000000e+00 2.673989999999999978e-01 4.115550000000000042e-01 3.000000000000000000e+00
5.605259999999999687e-01 5.592890000000000361e-01 4.224600000000000022e-01 2.000000000000000000e+00 3.478260000000000240e-01 1.793099999999999972e-01 4.430400000000000310e-02 2.000000000000000000e+00 2.807569999999999788e-01 2.320820000000000105e-01 0.000000000000000000e+00 1.501830000000000109e-01 3.937229999999999897e-01 3.000000000000000000e+00
7.500000000000000000e-01 8.498019999999999463e-01 4.652410000000000156e-01 1.000000000000000000e+00 1.086960000000000010e-01 0.000000000000000000e+00 0.000000000000000000e+00 2.000000000000000000e+00 8.517399999999999971e-02 3.088739999999999819e-01 0.000000000000000000e+00 2.197800000000000101e-02 9.771799999999999931e-02 3.000000000000000000e+00
4.842110000000000025e-01 7.648220000000000018e-01 5.989299999999999624e-01 2.000000000000000000e+00 1.739130000000000120e-01 2.482759999999999967e-01 6.540100000000000080e-02 3.000000000000000000e+00 1.419559999999999989e-01 5.435149999999999704e-01 0.000000000000000000e+00 2.161170000000000035e-01 2.475040000000000018e-01 3.000000000000000000e+00
6.026319999999999455e-01 4.940709999999999824e-01 5.454550000000000232e-01 2.000000000000000000e+00 2.391300000000000092e-01 3.275859999999999883e-01 8.860800000000000620e-02 3.000000000000000000e+00 2.649839999999999973e-01 6.092149999999999510e-01 0.000000000000000000e+00 1.282050000000000134e-01 2.653349999999999875e-01 3.000000000000000000e+00
5.394740000000000091e-01 6.245060000000000056e-01 5.347589999999999844e-01 2.000000000000000000e+00 4.673910000000000009e-01 1.482759999999999911e-01 2.215189999999999937e-01 1.000000000000000000e+00 2.302839999999999887e-01 6.928330000000000322e-01 0.000000000000000000e+00 2.197800000000000101e-02 1.940089999999999870e-01 3.000000000000000000e+00
6.500000000000000222e-01 4.703559999999999963e-01 6.737969999999999793e-01 2.000000000000000000e+00 5.760870000000000157e-01 1.448280000000000123e-01 2.594940000000000024e-01 0.000000000000000000e+00 2.649839999999999973e-01 6.245730000000000448e-01 0.000000000000000000e+00 1.098900000000000050e-02 1.583450000000000135e-01 3.000000000000000000e+00
4.631580000000000141e-01 3.814230000000000120e-01 5.989299999999999624e-01 2.000000000000000000e+00 4.565219999999999834e-01 1.724140000000000117e-01 2.151899999999999924e-01 1.000000000000000000e+00 2.681390000000000162e-01 8.122869999999999813e-01 0.000000000000000000e+00 7.326000000000000567e-02 1.440800000000000136e-01 3.000000000000000000e+00
5.473679999999999657e-01 2.292490000000000083e-01 7.433159999999999767e-01 3.000000000000000000e+00 5.000000000000000000e-01 4.206900000000000084e-01 1.983119999999999883e-01 1.000000000000000000e+00 3.627759999999999874e-01 4.965870000000000006e-01 0.000000000000000000e+00 2.197800000000000101e-02 1.048499999999999988e-01 3.000000000000000000e+00
5.789469999999999894e-01 5.059289999999999621e-01 4.919789999999999996e-01 1.000000000000000000e+00 3.043480000000000074e-01 2.827589999999999826e-01 1.033759999999999957e-01 4.000000000000000000e+00 4.605679999999999774e-01 7.883959999999999857e-01 0.000000000000000000e+00 8.791200000000000403e-02 2.831670000000000020e-01 3.000000000000000000e+00
4.078950000000000076e-01 1.086960000000000010e-01 3.957220000000000182e-01 1.000000000000000000e+00 3.586960000000000148e-01 1.724140000000000117e-01 5.063299999999999745e-02 3.000000000000000000e+00 3.123029999999999973e-01 5.392489999999999783e-01 0.000000000000000000e+00 1.025640000000000024e-01 2.582030000000000158e-01 3.000000000000000000e+00
5.631580000000000474e-01 8.794469999999999787e-01 5.133689999999999642e-01 2.000000000000000000e+00 2.500000000000000000e-01 2.620689999999999964e-01 6.118099999999999927e-02 4.000000000000000000e+00 3.596210000000000240e-01 5.648459999999999592e-01 0.000000000000000000e+00 7.692300000000000526e-02 3.188300000000000023e-01 3.000000000000000000e+00
7.394739999999999647e-01 6.679840000000000222e-01 5.454550000000000232e-01 1.000000000000000000e+00 2.065220000000000111e-01 2.827589999999999826e-01 1.033759999999999957e-01 3.000000000000000000e+00 3.627759999999999874e-01 6.595560000000000311e-01 0.000000000000000000e+00 1.355310000000000126e-01 1.440800000000000136e-01 3.000000000000000000e+00
3.736840000000000162e-01 4.525689999999999991e-01 6.844919999999999893e-01 3.000000000000000000e+00 2.934780000000000166e-01 3.172409999999999952e-01 5.063299999999999745e-02 4.000000000000000000e+00 2.302839999999999887e-01 5.307169999999999943e-01 0.000000000000000000e+00 1.684980000000000089e-01 4.293870000000000187e-01 3.000000000000000000e+00
8.710529999999999662e-01 1.857709999999999917e-01 7.165780000000000483e-01 2.000000000000000000e+00 3.043480000000000074e-01 6.275859999999999772e-01 2.046409999999999896e-01 3.000000000000000000e+00 7.223979999999999846e-01 1.000000000000000000e+00 0.000000000000000000e+00 2.527469999999999994e-01 2.724679999999999880e-01 3.000000000000000000e+00
6.447370000000000045e-01 1.837940000000000129e-01 6.844919999999999893e-01 2.000000000000000000e+00 2.065220000000000111e-01 5.586210000000000342e-01 1.603380000000000083e-01 3.000000000000000000e+00 5.930600000000000316e-01 8.933449999999999447e-01 0.000000000000000000e+00 1.868130000000000068e-01 2.439369999999999872e-01 3.000000000000000000e+00
3.499999999999999778e-01 6.106719999999999926e-01 5.454550000000000232e-01 2.000000000000000000e+00 1.956519999999999926e-01 4.551720000000000210e-01 1.223629999999999995e-01 3.000000000000000000e+00 1.987379999999999980e-01 5.435149999999999704e-01 0.000000000000000000e+00 1.135530000000000012e-01 1.726109999999999867e-01 3.000000000000000000e+00
6.999999999999999556e-01 4.980240000000000222e-01 6.310160000000000213e-01 1.000000000000000000e+00 4.021739999999999760e-01 2.931030000000000024e-01 4.641399999999999693e-02 3.000000000000000000e+00 1.230279999999999985e-01 3.924909999999999788e-01 1.000000000000000000e+00 2.014650000000000052e-01 2.867330000000000156e-01 3.000000000000000000e+00
4.789479999999999849e-01 5.000000000000000000e-01 6.524060000000000414e-01 2.000000000000000000e+00 3.913039999999999852e-01 2.310339999999999894e-01 5.485199999999999798e-02 4.000000000000000000e+00 1.735019999999999896e-01 3.668939999999999979e-01 1.000000000000000000e+00 3.076920000000000210e-01 2.082739999999999869e-01 3.000000000000000000e+00
5.078949999999999854e-01 5.355729999999999658e-01 5.294119999999999937e-01 1.000000000000000000e+00 3.913039999999999852e-01 1.413790000000000047e-01 7.594900000000000262e-02 2.000000000000000000e+00 1.671920000000000073e-01 3.412970000000000170e-01 0.000000000000000000e+00 1.758240000000000081e-01 2.831670000000000020e-01 3.000000000000000000e+00
7.236839999999999939e-01 3.992089999999999805e-01 5.026739999999999542e-01 2.000000000000000000e+00 2.173910000000000009e-01 1.275860000000000050e-01 7.173000000000000209e-02 2.000000000000000000e+00 1.955840000000000078e-01 7.081910000000000149e-01 0.000000000000000000e+00 1.501830000000000109e-01 2.403710000000000013e-01 3.000000000000000000e+00
7.105259999999999909e-01 7.154150000000000231e-01 4.812830000000000163e-01 2.000000000000000000e+00 1.956519999999999926e-01 1.034479999999999983e-01 2.742599999999999899e-02 3.000000000000000000e+00 2.334380000000000066e-01 4.556310000000000082e-01 0.000000000000000000e+00 1.758240000000000081e-01 1.726109999999999867e-01 3.000000000000000000e+00
6.368420000000000192e-01 5.849800000000000555e-01 6.631019999999999692e-01 2.000000000000000000e+00 4.456519999999999926e-01 2.482759999999999967e-01 1.223629999999999995e-01 2.000000000000000000e+00 3.312300000000000244e-01 8.020479999999999832e-01 1.000000000000000000e+00 1.062270000000000020e-01 2.974319999999999742e-01 3.000000000000000000e+00
4.710529999999999995e-01 5.197629999999999750e-01 5.026739999999999542e-01 1.000000000000000000e+00 1.956519999999999926e-01 1.724140000000000117e-01 6.751100000000000156e-02 2.000000000000000000e+00 1.766560000000000075e-01 7.662120000000000042e-01 0.000000000000000000e+00 1.758240000000000081e-01 2.903000000000000025e-01 3.000000000000000000e+00
6.710530000000000106e-01 3.636360000000000148e-01 7.112300000000000288e-01 2.000000000000000000e+00 3.804350000000000231e-01 1.965520000000000045e-01 1.054849999999999954e-01 2.000000000000000000e+00 3.564669999999999783e-01 6.296929999999999472e-01 0.000000000000000000e+00 1.941390000000000060e-01 3.366620000000000168e-01 3.000000000000000000e+00
6.236840000000000162e-01 7.628460000000000241e-01 8.021390000000000464e-01 2.000000000000000000e+00 4.565219999999999834e-01 3.448280000000000234e-01 1.308020000000000016e-01 1.000000000000000000e+00 2.208199999999999885e-01 6.160409999999999497e-01 0.000000000000000000e+00 2.380950000000000011e-01 2.510700000000000154e-01 3.000000000000000000e+00
3.078949999999999743e-01 4.525689999999999991e-01 5.133689999999999642e-01 1.000000000000000000e+00 2.826089999999999991e-01 9.310300000000000520e-02 3.164600000000000052e-02 2.000000000000000000e+00 1.009459999999999941e-01 3.600679999999999992e-01 0.000000000000000000e+00 2.051280000000000048e-01 1.654779999999999862e-01 3.000000000000000000e+00
4.578949999999999965e-01 3.260870000000000157e-01 4.919789999999999996e-01 1.000000000000000000e+00 1.739130000000000120e-01 1.413790000000000047e-01 3.586500000000000105e-02 3.000000000000000000e+00 7.255499999999999450e-02 7.354950000000000099e-01 0.000000000000000000e+00 1.318680000000000130e-01 1.369470000000000132e-01 3.000000000000000000e+00
8.236839999999999717e-01 3.498020000000000018e-01 5.989299999999999624e-01 1.000000000000000000e+00 2.282609999999999917e-01 2.413790000000000102e-01 7.594900000000000262e-02 2.000000000000000000e+00 2.618300000000000072e-01 7.184300000000000130e-01 0.000000000000000000e+00 1.611720000000000097e-01 2.724679999999999880e-01 3.000000000000000000e+00
7.052629999999999733e-01 9.703559999999999963e-01 5.828879999999999617e-01 2.000000000000000000e+00 2.717390000000000083e-01 2.413790000000000102e-01 5.696199999999999875e-02 3.000000000000000000e+00 2.050470000000000070e-01 5.477819999999999911e-01 0.000000000000000000e+00 1.721610000000000085e-01 3.295290000000000163e-01 3.000000000000000000e+00
6.236840000000000162e-01 6.264819999999999833e-01 5.989299999999999624e-01 2.000000000000000000e+00 3.478260000000000240e-01 2.827589999999999826e-01 8.649800000000000544e-02 2.000000000000000000e+00 3.154569999999999874e-01 5.136519999999999975e-01 0.000000000000000000e+00 1.062270000000000020e-01 3.366620000000000168e-01 3.000000000000000000e+00
5.894740000000000535e-01 6.996050000000000324e-01 4.812830000000000163e-01 1.000000000000000000e+00 5.434780000000000166e-01 2.103450000000000042e-01 7.384000000000000286e-02 2.000000000000000000e+00 2.965300000000000158e-01 7.610919999999999908e-01 0.000000000000000000e+00 1.062270000000000020e-01 3.972899999999999765e-01 3.000000000000000000e+00
5.631580000000000474e-01 3.656130000000000213e-01 5.401070000000000038e-01 1.000000000000000000e+00 5.434780000000000166e-01 2.310339999999999894e-01 7.173000000000000209e-02 3.000000000000000000e+00 3.312300000000000244e-01 6.843000000000000194e-01 0.000000000000000000e+00 1.282050000000000134e-01 4.008559999999999901e-01 3.000000000000000000e+00
8.157900000000000151e-01 6.640319999999999556e-01 7.379679999999999573e-01 2.000000000000000000e+00 2.826089999999999991e-01 3.689649999999999874e-01 8.860800000000000620e-02 4.000000000000000000e+00 2.965300000000000158e-01 6.757680000000000353e-01 0.000000000000000000e+00 1.208790000000000003e-01 2.011409999999999865e-01 3.000000000000000000e+00
