0.209677 0.574063 0.137024 0.573503 0.49534 0.363258 0.326927 0.432004 0.464315 0.289261 0.181818 0.346665 0.133465 0.353344 0.266382 0.309981 0.134811 0.345778 0.401103 0.184245 0.351085 0.435173 0 0.456152 0.314266 0.394413 0.152669 0.328109 0.510926 0.1575 0.142595 0.322917 0 1
0.612903 0.110633 0.169896 0.115245 0.074719 0.630001 0.41775 0.353557 0.311515 0.396651 0.453274 0.119308 0.12038 0.152222 0.055826 0.179461 0.175888 0.260951 0.246246 0.187671 0.350998 0.119785 0.112565 0.150918 0.066305 0.630393 0.365843 0.502539 0.543071 0.378474 0.412305 0.21875 0 1
0.612903 0.169637 0.361592 0.166062 0.114541 0.630001 0.446392 0.17298 0.218586 0.512702 0.514092 0.239786 0.323124 0.222891 0.122413 0.215648 0.179168 0.104922 0.272935 0.132843 0.376972 0.189323 0.34895 0.173351 0.114554 0.593432 0.314784 0.212754 0.48452 0.321506 0.393939 0.375 0.37037 1
0.282258 0.220652 0.593772 0.225318 0.157382 0.558296 0.427549 0.347351 0.29482 0.57448 0.434838 0.108417 0.213601 0.142327 0.061455 0.103292 0.273738 0.274499 0.167938 0.203472 0.381679 0.207268 0.622452 0.265126 0.128163 0.610491 0.60236 0.592154 0.544219 0.522965 0.518562 0.583333 0.222222 1
0.072581 0.318377 0.356401 0.328494 0.231519 0.602753 0.588468 0.367956 0.456023 0.494226 0.493961 0.230987 0.226336 0.222726 0.133075 0.153146 0.137935 0.157609 0.228649 0.17149 0.266277 0.364289 0.450563 0.351462 0.23768 0.689388 0.369518 0.39652 0.68237 0.422038 0.388036 0.270833 0.037037 1
0.072581 0.627535 0.438062 0.592559 0.552002 0.276925 0.211607 0.2128 0.364918 0.266166 0.053613 0.306362 0.243529 0.259751 0.264892 0.07241 0.040944 0.046741 0.152687 0.056122 0.078445 0.732615 0.575601 0.699524 0.620607 0.413604 0.207303 0.254376 0.657878 0.247782 0.132625 0.375 0.037037 1
0.064516 0.499078 0.499308 0.511797 0.393137 0.227162 0.651781 0.463532 0.438388 0.578522 0.279296 0.484433 0.415136 0.63305 0.301017 0.136352 0.728238 0.649481 0.62195 0.865215 0.57169 0.504711 0.501977 0.627464 0.336652 0.304144 0.688484 0.611002 0.843098 0.612064 0.319822 0.197917 0 1
0.056452 0.473264 0.249827 0.470054 0.37831 0.500932 0.461843 0.430515 0.445519 0.345843 0.216995 0.267721 0.095896 0.258926 0.190623 0.127429 0.254527 0.335692 0.345378 0.312176 0.213371 0.447734 0.141466 0.445275 0.311909 0.611202 0.454648 0.619989 0.799089 0.440371 0.24144 0.145833 0 1
0.379032 0.255071 0.402768 0.230127 0.185978 0.223577 0.093311 0.070875 0.072033 0.177829 0.139648 0.071807 0.150212 0.077843 0.052713 0.070548 0.023061 0.038311 0.118724 0.058407 0.047241 0.23598 0.456952 0.221618 0.153731 0.405075 0.153364 0.215721 0.47457 0.218805 0.155385 0.21875 0 1
0.080645 0.507683 0.283391 0.486388 0.418555 0.434963 0.303938 0.268904 0.38493 0.351617 0.198347 0.32839 0.264542 0.303785 0.29307 0.13319 0.122707 0.13932 0.299331 0.202521 0.132572 0.59668 0.34895 0.577838 0.482164 0.572109 0.297798 0.317551 0.689258 0.388725 0.182999 0.291667 0.481481 1
0.266129 0.202827 0.407266 0.222504 0.150445 0.429227 0.583192 0.470483 0.366079 0.370092 0.480398 0.313684 0.288421 0.347984 0.154929 0.236799 0.493647 0.436926 0.390251 0.173584 0.438072 0.216689 0.39063 0.231135 0.132964 0.583481 0.56958 0.583079 0.572156 0.252119 0.381477 0.114583 0 1
0.145161 0.106331 0.465744 0.097913 0.07276 0.533916 0.302054 0.220496 0.267676 0.344688 0.331638 0.142567 0.259766 0.146285 0.074402 0.179672 0.149415 0.141427 0.226596 0.161209 0.219123 0.190668 0.511104 0.181509 0.111992 0.733457 0.352432 0.330204 0.54575 0.358368 0.31523 0.083333 0.037037 1
0.201613 0.175169 0.187197 0.168149 0.117825 0.368995 0.308837 0.133831 0.167947 0.204388 0.326552 0.05224 0.082269 0.066298 0.030992 0.072023 0.103887 0.050053 0.118254 0.082204 0.17807 0.16734 0.127472 0.171312 0.089634 0.420712 0.300877 0.221567 0.418315 0.201853 0.314574 0.270833 0.074074 1
0.314516 0.500922 0.550519 0.519056 0.407964 0.667288 0.501413 0.42133 0.699818 0.188222 0.465989 0.200098 0.811201 0.383277 0.175855 0.17138 0.415086 0.078278 0.388785 0.431732 0.81086 0.336025 0.488287 0.382053 0.232673 0.407207 0.228859 0.191288 0.593586 0.147053 0.242621 0.270833 0.037037 1
0.072581 0.603565 0.430796 0.594374 0.515992 0.406281 0.3974 0.346855 0.448836 0.284065 0.130536 0.34648 0.348913 0.32506 0.261581 0.147033 0.299899 0.195695 0.316929 0.413075 0.259915 0.510543 0.388196 0.508498 0.385254 0.402232 0.357002 0.306906 0.608894 0.356002 0.140824 0.375 0.074074 1
0.274194 0.43024 0.333218 0.383848 0.328532 0.129786 0.079781 0.121518 0.197081 0.474019 0 0.219542 0.271228 0.181743 0.132612 0.047676 0.008395 0.090095 0.137523 0.804485 0.071036 0.347241 0.339519 0.299796 0.221774 0.179757 0.068432 0.17532 0.342543 0.653854 0.039814 0.270833 0.037037 1
0.580645 0.494776 0.295156 0.467332 0.411142 0.103255 0.128999 0.170622 0.198795 0.36836 0.004026 0.30507 0.311981 0.335038 0.222642 0.06187 0.155896 0.221737 0.247419 0.236407 0.139371 0.425303 0.275631 0.42896 0.303367 0.143507 0.173926 0.258913 0.355172 0.251528 0.068018 0.322917 0.555556 1
0.048387 0.574063 0.384429 0.552632 0.492163 0.252545 0.280573 0.318554 0.365139 0.605081 0.129265 0.392013 0.247668 0.355075 0.336115 0.079647 0.163862 0.240102 0.313702 0.456671 0.190534 0.613279 0.346821 0.588035 0.497187 0.288507 0.291639 0.372524 0.63262 0.561995 0.154729 0.21875 0.333333 1
0.346774 0.413645 0.358478 0.412886 0.318841 0.523878 0.453929 0.400973 0.470396 0.382794 0.241788 0.379953 0.330447 0.361755 0.264627 0.223799 0.329496 0.309499 0.388198 0.188433 0.338272 0.342306 0.256769 0.324949 0.233851 0.425688 0.296506 0.291723 0.46883 0.177016 0.14653 0.895833 0.259259 1
0.056452 0.531039 0.268858 0.533575 0.451387 0.531048 0.454306 0.56308 0.598651 0.415127 0.223988 0.333867 0.218377 0.300074 0.27509 0.048835 0.120442 0.220909 0.230408 0.170918 0.194457 0.623149 0.29571 0.610469 0.507791 0.439903 0.331075 0.573306 0.748957 0.40962 0.243933 0.322917 0 1
0.129032 1 0.397578 1 1 0.493762 0.547767 0.653195 0.925922 0.284065 0.157872 0.395213 0.356235 0.384844 0.379822 0.069002 0.140746 0.151663 0.212224 0.149787 0.144688 0.909825 0.492242 0.922502 0.797638 0.46407 0.34975 0.445036 0.917722 0.254485 0.169094 0.375 0.148148 1
0.58871 0.085433 0.570242 0.083938 0.061322 0.407715 0.336348 0.209821 0.139919 0.366628 0.405171 0.130138 0.460664 0.122784 0.067713 0.225942 0.242892 0.200888 0.235687 0.20747 0.399634 0.126065 0.689687 0.112848 0.076821 0.686545 0.416504 0.365194 0.4474 0.325251 0.429359 0.083333 0.148148 1
0.129032 0.2563 0.217993 0.24392 0.18799 0.197763 0.18779 0.127898 0.113218 0.165127 0.203645 0.047563 0 0.0677 0.041224 0.098549 0.092485 0.071127 0.090509 0.139887 0.156367 0.221175 0.10861 0.221618 0.141801 0.477575 0.279917 0.269385 0.368183 0.364676 0.277843 0.114583 0 1
0.145161 0.52858 0.636332 0.559891 0.447681 0.252832 0.603919 0.383347 0.52015 0.33776 0.255775 0.399212 0.266452 0.495176 0.305983 0.129607 0.314737 0.208415 0.293759 0.218512 0.363026 0.547779 0.596288 0.635622 0.417656 0.32831 0.47839 0.350011 0.631855 0.246994 0.298177 0.583333 0.555556 1
0.306452 0.575292 0.577163 0.553539 0.490574 0.358956 0.23648 0.317561 0.403671 0.292148 0.115914 0.125461 0.213601 0.118249 0.126983 0.083477 0.065856 0.076998 0.088309 0.094007 0.070165 0.515478 0.68421 0.524813 0.393502 0.499609 0.241574 0.309611 0.538479 0.312636 0.163649 0.145833 0.037037 1
0.08871 0.389674 0.406574 0.385662 0.310422 0.215402 0.306199 0.181198 0.302725 0.461894 0.093028 0.394413 0.404629 0.411726 0.254793 0.14229 0.409698 0.266747 0.478531 0.372906 0.414103 0.338717 0.32157 0.358939 0.231789 0.223825 0.233826 0.179595 0.473805 0.296077 0.12987 0.375 0.037037 1
0.290323 0.383528 0.404498 0.360254 0.300095 0.319661 0.165442 0.165409 0.248549 0.322748 0.11761 0.139367 0.119775 0.137379 0.104069 0.064153 0.036805 0.071805 0.137875 0.067735 0.042535 0.392104 0.385154 0.376615 0.273322 0.525197 0.204025 0.318424 0.64831 0.325448 0.135511 0.84375 0.222222 1
0.032258 0.663798 0.367128 0.684211 0.598072 0.273053 0.56548 0.485378 0.489192 0.238453 0.247722 0.598819 0.315164 0.636101 0.472865 0.106103 0.329965 0.394024 0.306077 0.216228 0.307417 0.68865 0.350167 0.753229 0.552564 0.321913 0.418391 0.485786 0.593586 0.249951 0.219992 0.21875 0.407407 1
0.459677 0.527351 0.29481 0.522686 0.452976 0.574071 0.445261 0.485875 0.474819 0.279446 0.323586 0.564361 0.254354 0.50169 0.39406 0.119067 0.192756 0.342014 0.356523 0.208613 0.322496 0.587259 0.291147 0.584636 0.455065 0.480418 0.357896 0.513185 0.64678 0.276562 0.29024 0.166667 0 1
0.620968 0.326982 0.357439 0.317604 0.239409 0.601319 0.323535 0.307383 0.356957 0.369515 0.26531 0.149951 0.276959 0.174569 0.100725 0.141587 0.105292 0.162126 0.256511 0.142362 0.148348 0.288919 0.417098 0.303875 0.180536 0.547942 0.241773 0.292944 0.494853 0.303174 0.176833 0.21875 0.074074 1
0.185484 0.771973 0.480623 0.754991 0.733637 0.457909 0.309968 0.51343 0.667201 0.282333 0.101928 0.5016 0.179057 0.437783 0.497037 0.127358 0.096546 0.187265 0.229822 0.131511 0.177024 0.79991 0.427746 0.797417 0.706324 0.494634 0.215051 0.399574 0.688493 0.202641 0.14653 0.322917 0.148148 1
0.258065 0.53657 0.391003 0.526316 0.440796 0.329844 0.331072 0.402959 0.497485 0.446882 0.146217 0.263844 0.611895 0.331492 0.177709 0.073394 0.205641 0.244694 0.377933 0.564994 0.191842 0.444594 0.547308 0.492862 0.303956 0.283531 0.292533 0.392157 0.752019 0.488863 0.158337 0.114583 0.481481 1
0.024194 0.90842 0.244983 0.928312 0.872908 0.572637 0.716978 0.776575 0.945271 0.374134 0.232253 0.492862 0.155624 0.500454 0.460614 0.130064 0.273972 0.238748 0.290533 0.294472 0.200296 0.910274 0.210222 0.980286 0.80294 0.505295 0.538786 0.54198 0.943745 0.418884 0.217172 0.427083 0 1
0.032258 0.253841 0.531488 0.236842 0.18799 0.393374 0.194611 0.247058 0.249986 0.195728 0.304938 0.282796 0.364195 0.249114 0.163505 0.275902 0.132469 0.28737 0.360336 0.253541 0.329469 0.254374 0.503499 0.245411 0.159622 0.597697 0.183065 0.33064 0.47304 0.214666 0.258035 0.229167 0 1
0.008065 0.679779 0.398616 0.683303 0.593306 0.449304 0.562842 0.548185 0.717508 0.297922 0.236279 0.500984 0.107549 0.528408 0.384789 0.04606 0.162925 0.186813 0.279681 0.138935 0.23612 0.664872 0.277761 0.747111 0.506318 0.337551 0.334949 0.394077 0.819754 0.231816 0.201364 0.270833 0.037037 1
0.387097 0.279656 0.370242 0.281307 0.233796 0.531048 0.418504 0.318306 0.35657 0.448614 0.389701 0.723726 0.27091 0.682032 0.538095 0.194322 0.246328 0.255833 0.475598 0.234123 0.412098 0.463436 0.334043 0.489463 0.365224 0.496055 0.346571 0.346521 0.705714 0.283461 0.326381 0 0 1
0 0.567302 0.316955 0.561706 0.470451 0.549692 0.387601 0.469987 0.583725 0.240185 0.217843 0.147243 0.203413 0.152964 0.127479 0.225556 0.154647 0.33509 0.408435 0.316555 0.254336 0.412293 0.255552 0.414004 0.285988 0.601251 0.241276 0.442244 0.720638 0.289178 0.168634 0.427083 1 1
0.064516 0.186232 0.319723 0.17441 0.12598 0.445002 0.253439 0.219999 0.245011 0.20843 0.32189 0.016613 0.188226 0.037025 0.016092 0.092998 0.082489 0.082116 0.128842 0.082775 0.153316 0.188425 0.429875 0.195785 0.106395 0.56429 0.30346 0.33413 0.588228 0.318155 0.330972 0.322917 0.148148 1
0.120968 0.417947 0.610727 0.411978 0.32832 0.358526 0.321651 0.361998 0.346177 0.233834 0.188811 0.120539 0.22761 0.141832 0.099202 0.071918 0.099982 0.195921 0.173803 0.08544 0.12804 0.389861 0.665348 0.409925 0.273616 0.413604 0.322731 0.537443 0.642953 0.277351 0.234225 0.114583 0.259259 1
0.064516 0.531039 0.505882 0.506352 0.439208 0.404847 0.198455 0.351323 0.388745 0.204965 0.077559 0.168349 0.322487 0.145378 0.139697 0.324386 0.093266 0.286994 0.287893 0.162352 0.062756 0.385823 0.434743 0.371856 0.268903 0.503874 0.132305 0.326103 0.450078 0.143505 0.038502 0.166667 0.259259 1
0.104839 0.521819 0.292042 0.509982 0.426499 0.486591 0.37215 0.500521 0.547791 0.297344 0.230981 0.228956 0.332994 0.204337 0.177974 0.092084 0.163862 0.237995 0.193161 0.17682 0.18513 0.498878 0.417402 0.467709 0.362868 0.493923 0.319056 0.497042 0.677395 0.335305 0.229896 0.6875 0.333333 1
0.08871 0.433928 0.352249 0.42196 0.341771 0.36039 0.312229 0.230922 0.316822 0.466513 0.222929 0.345188 0.294788 0.346335 0.25082 0.187261 0.153476 0.198931 0.331593 0.401462 0.253552 0.389861 0.285671 0.396329 0.270376 0.348212 0.180185 0.201061 0.45888 0.332348 0.139118 0.322917 0.074074 1
0.080645 0.592502 0.375779 0.598004 0.50752 0.480855 0.446015 0.48364 0.507435 0.311778 0.253655 0.244031 0.271865 0.251752 0.202311 0.140498 0.160582 0.223393 0.282027 0.062595 0.230105 0.494392 0.428658 0.530931 0.368759 0.458384 0.306341 0.430987 0.697677 0.180367 0.22924 0.53125 0.740741 1
0.048387 0.816841 0.289273 0.795826 0.838488 0.206654 0.254569 0.369197 0.479794 0.163395 0.031786 0.945238 0.156452 0.858168 1 0.086779 0.042506 0.094761 0.290533 0.157402 0.101543 1 0.203529 1 1 0.238041 0.125053 0.233608 0.575983 0.151981 0.049521 0.270833 0.148148 1
0.104839 0.404425 0.515571 0.382033 0.320377 0.255414 0.172225 0.214786 0.260379 0.066975 0.114007 0.162995 0.304339 0.154944 0.126751 0.065805 0.045083 0.047117 0.062324 0.03619 0.038264 0.399731 0.714025 0.390891 0.287166 0.332575 0.194588 0.219298 0.414106 0.165385 0.108356 1 0.333333 1
0 0.440074 0.713149 0.398367 0.329803 0.161767 0.174675 0.094732 0.197192 0.170323 0.093876 0.141398 0.25913 0.085429 0.072911 0.072585 0.069214 0.071504 0.183189 0.118565 0.08812 0.368327 0.677213 0.291638 0.20793 0.266472 0.156443 0.187187 0.399181 0.214272 0.098518 0.239583 0.148148 1
0.016129 0.643516 0.431142 0.663339 0.571065 0.459343 0.557189 0.531304 0.616341 0.332564 0.306633 0.548363 0.154351 0.590006 0.425516 0.146295 0.219151 0.29008 0.367374 0.131892 0.25207 0.695379 0.344083 0.769545 0.549913 0.48255 0.384021 0.451231 0.736711 0.249754 0.22806 0.270833 0.118939 1
0.241935 0.434542 0.595848 0.413793 0.344948 0.285673 0.216883 0.210069 0.277738 0.321594 0.277177 0.26526 0.486453 0.232456 0.19059 0.062045 0.053595 0.160997 0.13726 0.172441 0.209884 0.394347 0.620931 0.371176 0.273322 0.267183 0.140351 0.253067 0.336803 0.2192 0.171127 0.479167 0.185185 2
0.483871 0.432698 0 0.461887 0.338594 0.622831 0.872621 0.685467 0.700923 0.641455 0.603094 0.554516 0.172944 0.613177 0.461607 0.131118 0.325592 0.322068 0.313702 0.421642 0.445045 0.562584 0.020079 0.676411 0.44505 0.570687 0.610208 0.600269 0.904711 0.598462 0.418864 0.270833 0.074074 2
0.927419 0.640443 0.244291 0.595281 0.535586 0.192026 0.274543 0.252023 0.33993 0.591801 0.208731 0.240955 0.079086 0.228828 0.225688 0.122967 0.211967 0.166039 0.37764 0.438966 0.344461 0.54105 0.131123 0.503059 0.424431 0.262208 0.291639 0.276976 0.666679 0.545831 0.233701 0.21875 0 2
0.983871 0.028888 0.346021 0.051543 0.012974 0.96845 0.896363 0.539745 0.469291 0.744226 1 0.1857 0.252762 0.189 0.04384 0.226364 0.52504 0.343745 0.395824 0.985151 0.707836 0.092867 0.299057 0.09361 0.017556 0.90902 0.809574 0.578454 0.874479 1 0.773711 0.166667 0 2
0.475806 0.493546 0.319377 0.476407 0.397373 0.228022 0.292632 0.241597 0.380286 0.241917 0.157237 0.205944 0.153236 0.201121 0.156352 0.036398 0.126455 0.084901 0.238914 0.112283 0.247451 0.473306 0.267113 0.458872 0.319568 0.230933 0.283891 0.239978 0.624584 0.228859 0.267414 0.114583 0.118939 2
0.951613 0.125999 0.395848 0.141561 0.083775 0.750466 0.554551 0.401966 0.404776 0.601617 0.500954 0.069222 0.203731 0.103323 0.034204 0.107649 0.216106 0.185082 0.207825 0.25792 0.232023 0.118887 0.427746 0.14344 0.068102 0.628261 0.485542 0.449399 0.677395 0.554504 0.342123 0.166667 0.037037 2
0.604839 0.092809 0.472664 0.109528 0.060527 0.625699 0.729414 0.504742 0.359998 0.416859 0.681924 0.063869 0.393804 0.07306 0.032946 0.157468 0.50622 0.500452 0.268243 0.190527 0.78384 0.100942 0.730453 0.085316 0.059884 0.734878 1 0.943282 0.734798 0.552139 1 0.583333 0.740741 2
0.983871 0.311617 0.444983 0.279492 0.230989 0.101678 0.077784 0.022367 0.071425 0.127021 0.142403 0.114263 0.262632 0.108271 0.087812 0.047852 0.015009 0.000527 0.070888 0.127894 0.1704 0.284881 0.523578 0.263086 0.189078 0.257232 0.1031 0.106386 0.270789 0.27262 0.193362 0.166667 0 2
1 0.296865 0.259862 0.287659 0.222093 0.317367 0.31336 0.187578 0.252916 0.308314 0.223988 0.191976 0.198287 0.198813 0.133009 0.109054 0.25976 0.127728 0.224249 0.232219 0.266452 0.340063 0.322787 0.349422 0.232967 0.41005 0.506203 0.325055 0.581723 0.438991 0.326381 0.104167 0 2
0.935484 0.301168 0.46955 0.288566 0.222993 0.129643 0.20407 0.18718 0.184256 0.311201 0.066328 0.128907 0.227928 0.144306 0.074799 0.249517 0.186743 0.297832 0.432485 0.417454 0.166914 0.179453 0.334347 0.182869 0.108516 0.221693 0.140152 0.18169 0.317286 0.24522 0.051358 0.0625 0 2
0.983871 0.229256 0.33737 0.207259 0.170991 0.339882 0.097795 0.12405 0.178451 0.160508 0.190083 0.17161 0.279506 0.168385 0.104003 0.107192 0.033369 0.068042 0.17351 0.118375 0.086987 0.279498 0.432309 0.260367 0.185543 0.458384 0.134888 0.233347 0.504803 0.288587 0.177883 0.072917 0 2
0.153226 0.269822 0.134256 0.277677 0.181529 0.463645 0.631053 0.456085 0.427055 0.700346 0.425302 0.150751 0.110637 0.18397 0.102381 0.14482 0.358703 0.40283 0.50874 0.549002 0.288242 0.234634 0.073319 0.271924 0.139268 0.405786 0.540474 0.52924 0.804829 0.611472 0.291355 0.09375 0 2
0.766129 0.350338 0.380623 0.345735 0.287545 0.532482 0.375542 0.319051 0.39466 0.396651 0.276542 0.377184 0.171798 0.354746 0.293401 0.118786 0.089596 0.123965 0.179669 0.129417 0.149394 0.611036 0.452997 0.624745 0.502784 0.700761 0.304453 0.388754 0.690789 0.403706 0.266299 0.270833 0 2
0.927419 0.380455 0.208304 0.400181 0.291834 0.625699 0.684191 0.493819 0.662226 1 0.506039 0.524366 0.195454 0.504906 0.322539 0.188385 0.239299 0.198555 0.551267 0.289331 0.554084 0.422162 0.1439 0.457512 0.280686 0.515957 0.341307 0.315282 0.864911 0.493002 0.333596 0.416667 0.037037 2
0.822581 0.22311 0.385813 0.231488 0.149968 0.436398 0.530432 0.294226 0.373266 0.545035 0.402416 0.037349 0.197746 0.078915 0.023377 0.062713 0.181198 0.119449 0.244779 0.126751 0.228711 0.214446 0.503194 0.253569 0.114525 0.501741 0.608916 0.4624 0.922697 0.532032 0.475272 0.21875 0 2
0.120968 0.470805 0.341523 0.455535 0.387842 0.278646 0.228189 0.310362 0.315109 0.224596 0.142827 0.40555 0.473399 0.369341 0.263402 0.283983 0.155194 0.30009 0.408728 0.286476 0.272814 0.379991 0.322178 0.372536 0.263601 0.368825 0.159324 0.279768 0.459263 0.152967 0.125738 0.3125 0.481481 2
0.41129 0.267363 0.515225 0.276769 0.196357 0.476552 0.465988 0.358274 0.371496 0.356813 0.321043 0.150874 0.206915 0.19337 0.097712 0.090152 0.181355 0.186813 0.165885 0.186529 0.163863 0.333333 0.609674 0.436438 0.22413 0.584192 0.555971 0.531858 0.663618 0.485314 0.286764 0.166667 0 2
0.75 0.406884 0.161592 0.391107 0.314287 0.337014 0.262484 0.185616 0.327381 0.248845 0.238186 0.250123 0.146582 0.288777 0.155988 0.103995 0.17948 0.174093 0.245366 0.216418 0.231413 0.321669 0.086705 0.338545 0.211759 0.30983 0.228362 0.196262 0.446252 0.234772 0.158402 0.375 0 2
0.927419 0.054702 0.287889 0.054719 0.041834 0.515273 0.397777 0.242838 0.174194 0.573326 0.587837 0.17764 0.212646 0.191474 0.089434 0.101325 0.209234 0.234156 0.154446 0.282668 0.399198 0.178555 0.348342 0.233175 0.112109 0.581349 0.522693 0.586046 0.480693 0.630002 0.558573 0.270833 0.074074 2
0.693548 0.373079 0.470588 0.371143 0.284738 0.641474 0.390239 0.540489 0.552767 0.542725 0.287561 0.250492 0.32981 0.234683 0.178107 0.196782 0.183307 0.297155 0.17439 0.250114 0.241175 0.3607 0.469121 0.346703 0.246222 0.579217 0.302566 0.466676 0.595882 0.387345 0.19533 0.09375 0.037037 2
0.419355 0.511371 0.556747 0.508167 0.423851 0.273053 0.474279 0.35182 0.30748 0.314665 0.26192 0.222742 0.077717 0.195844 0.179398 0.082493 0.201737 0.180867 0.131071 0.143695 0.244836 0.507402 0.432918 0.518695 0.384371 0.490369 0.603652 0.510567 0.572156 0.415336 0.375574 0.322917 0 2
0.870968 0.318377 0.259516 0.318512 0.235967 0.41632 0.413982 0.2766 0.31627 0.398383 0.315745 0.086266 0.103028 0.084934 0.069667 0.053332 0.166595 0.118169 0.114178 0.174155 0.23795 0.330641 0.322178 0.323589 0.221774 0.44559 0.525574 0.439277 0.602388 0.533215 0.447724 0.21875 0 2
0.08871 0.35587 0.387889 0.346642 0.268958 0.303026 0.329942 0.27511 0.22041 0.339492 0.133715 0.164718 0.177529 0.152964 0.103308 0.10923 0.137779 0.19577 0.198733 0.380902 0.13754 0.321669 0.375723 0.329028 0.212348 0.528751 0.329982 0.451057 0.582871 0.650108 0.205234 0.114583 0.118939 2
0.241935 0.202827 0.392388 0.197187 0.14372 0.333572 0.240249 0.267911 0.197192 0.333141 0.2331 0.056731 0.209144 0.124021 0.036158 0.112813 0.176513 0.280069 0.188761 0.236026 0.255818 0.136833 0.416489 0.211421 0.085864 0.44559 0.370015 0.431598 0.442807 0.399369 0.30408 0.270833 0.481481 2
0.572581 0.24831 0.512803 0.214519 0.178564 0.271045 0.019823 0 0.047985 0.148383 0.101504 0.627738 0.58133 0.570957 0.304659 0.148122 0.028059 0.054493 0.410488 0 0.058136 0.096456 0.259507 0.070972 0.056172 0.08501 0 0 0 0 0 0.322917 0.37037 2
0.604839 0.155501 0.361246 0.149728 0.104639 0.381902 0.299416 0.204359 0.188402 0.237875 0.295402 0.011814 0.073005 0.032325 0.015 0.09486 0.117475 0.147147 0.218383 0.112093 0.183038 0.120682 0.284454 0.150918 0.068426 0.562158 0.368723 0.417986 0.753167 0.244826 0.341467 0.21875 0 2
0.266129 0.153042 0.387543 0.129583 0.106651 0.095368 0.05374 0.017675 0 0.274827 0.119093 0.027504 0.147856 0.034551 0.021655 0.021537 0.028683 0.022279 0.050065 0.112664 0.017345 0.138627 0.413143 0.118287 0.082418 0.195394 0.151973 0.161009 0.314607 0.281687 0.1077 0.114583 0 2
0.790323 0 0.379585 0 0.005031 0.684497 0.285472 0.199643 0.201117 0.338915 0.390973 0.026335 0.339361 0.055166 0.009867 0.189615 0.080381 0.112976 0.152393 0.108285 0.170226 0 0.567995 0.014412 0.001738 0.774682 0.217038 0.330116 0.434006 0.275774 0.269054 0.239583 0 2
0.91129 0.143208 0.342561 0.139927 0.097225 0.417754 0.367628 0.184921 0.22815 0.384527 0.372325 0.108664 0.147346 0.105055 0.057415 0.084496 0.11029 0.082116 0.128637 0.177201 0.194369 0.203679 0.344691 0.190347 0.117559 0.505295 0.318956 0.298791 0.460028 0.428543 0.312607 0.229167 0.037037 2
0.604839 0.136447 0.395502 0.122686 0.08997 0.317941 0.221029 0.145499 0.178064 0.252887 0.24412 0 0.079659 0.014925 0.001656 0.023996 0.050706 0.026946 0.049243 0.061834 0.055173 0.152086 0.40219 0.138681 0.068515 0.486104 0.336837 0.304375 0.504037 0.419476 0.269841 0.135417 0.037037 2
0.887097 0.136447 0.286505 0.127768 0.091612 0.585544 0.290371 0.244824 0.293493 0.473441 0.371265 0.057408 0.169251 0.061351 0.033972 0.13579 0.12505 0.136309 0.204599 0.18177 0.222784 0.126963 0.34317 0.120326 0.074023 0.687256 0.362862 0.415892 0.68811 0.46028 0.412305 0.0625 0.037037 2
0.491935 0.2311 0.387889 0.21461 0.156376 0.555428 0.340871 0.261457 0.336779 0.415127 0.367239 0.140783 0.250852 0.130453 0.086421 0.034852 0.16558 0.111245 0.221316 0.195857 0.263314 0.225662 0.426833 0.208022 0.140623 0.390149 0.37518 0.292072 0.590907 0.420461 0.356553 0.635417 0.222222 2
0.846774 0.235403 0.469204 0.231397 0.162413 0.605622 0.383833 0.255002 0.386865 0.372402 0.3452 0.100849 0.292559 0.106951 0.070362 0.141798 0.123019 0.091901 0.195507 0.211659 0.186263 0.200538 0.508671 0.200544 0.122831 0.589168 0.288361 0.242945 0.506716 0.346146 0.223468 0.083333 0 2
0.556452 0.384143 0.489273 0.383848 0.300678 0.460777 0.516111 0.360508 0.326884 0.35739 0.309811 0.244216 0.216148 0.21044 0.183703 0.110775 0.381194 0.237694 0.178789 0.140649 0.454284 0.470166 0.521752 0.452073 0.345489 0.544388 0.683517 0.552015 0.615782 0.344569 0.51725 0.479167 0.148148 2
0.774194 0.52858 0.176817 0.509074 0.420674 0.47225 0.484831 0.524353 0.548897 0.755196 0.365967 0.633276 0.027635 0.553888 0.512599 0.293117 0.276237 0.566762 0.650985 1 0.559226 0.48856 0.016428 0.46431 0.33135 0.508138 0.285877 0.486833 0.730971 0.620737 0.276597 0.270833 0 2
0.725806 0.252612 0.32699 0.257713 0.182165 0.414886 0.41172 0.362494 0.375035 0.31582 0.266794 0.174132 0.19176 0.210522 0.109765 0.231283 0.23274 0.283983 0.391131 0.135128 0.212063 0.241812 0.229997 0.261047 0.152258 0.520222 0.366538 0.433081 0.698442 0.250148 0.179063 0.114583 0 2
0.83871 0.213276 0.324914 0.2049 0.14875 0.32339 0.256454 0.173527 0.210515 0.329677 0.289256 0.058885 0.474036 0.100849 0.042581 0.187542 0.168704 0.16762 0.265896 0.128274 0.293297 0.156572 0.431701 0.165874 0.093758 0.434928 0.24962 0.257779 0.487964 0.227282 0.25246 0 0.037037 2
0.540323 0.19914 0.541176 0.221325 0.143402 0.430661 0.518372 0.440197 0.318813 0.338337 0.339055 0.165887 0.335541 0.346664 0.098209 0.169589 0.465534 0.428647 0.35095 0.102574 0.401464 0.188874 0.568908 0.283481 0.117028 0.498898 0.590837 0.540933 0.574069 0.214863 0.334908 0.104167 0 2
0.806452 0.13276 0.179239 0.138929 0.089282 0.929729 0.491615 0.454595 0.418486 0.356236 0.565162 0.121216 0.178834 0.103653 0.068441 0.157924 0.170031 0.329595 0.255338 0.144456 0.523926 0.155675 0.174323 0.144799 0.093994 0.741275 0.356207 0.535436 0.649076 0.311847 0.56054 0.114583 0 2
0.346774 0.240934 0.217647 0.24265 0.169932 0.591281 0.447899 0.360012 0.381005 0.490185 0.369358 0.143244 0.186825 0.151398 0.09003 0.151706 0.142777 0.144287 0.221023 0.154927 0.24379 0.267833 0.325525 0.28552 0.172877 0.752648 0.394054 0.389539 0.664766 0.398186 0.337531 0.114583 0.148148 2
0.830645 0.296865 0.433564 0.306715 0.22294 0.581242 0.486716 0.469987 0.411742 0.454965 0.488663 0.220404 0.226018 0.201616 0.14781 0.211924 0.253122 0.365497 0.255924 0.134557 0.426828 0.329744 0.420748 0.307274 0.225014 0.7363 0.438258 0.620949 0.667445 0.336882 0.460186 0.322917 0.074074 2
0.862903 0.473878 0.233218 0.449183 0.378839 0.436398 0.241002 0.30217 0.366742 0.379908 0.251748 0.319345 0.388073 0.308568 0.253237 0.19095 0.106698 0.169201 0.317809 0.239263 0.303582 0.422162 0.25038 0.409925 0.306607 0.486104 0.176609 0.264585 0.529677 0.261975 0.193625 0.6875 0.62963 2
0.104839 0.817455 0.339792 0.855717 0.741051 1 0.906915 1 1 0.777714 0.392456 0.809254 0.87806 0.713614 0.725175 0.72596 0.708402 0.879572 0.382626 0.71558 0.765972 0.591297 0.222695 0.651258 0.460956 0.623285 0.370611 0.485437 0.74934 0.326631 0.164305 0.322917 0 2
0.701613 0.543331 0.510035 0.530853 0.439737 0.380467 0.425287 0.572266 0.522915 0.516166 0.230557 0.185516 0.266452 0.132927 0.163372 0.083125 0.190882 0.275553 0.154153 0.150358 0.186263 0.43921 0.514451 0.432359 0.318389 0.324046 0.332565 0.474093 0.551873 0.342992 0.194215 0.270833 0.407407 2
0.830645 0.320221 0.386159 0.311252 0.237344 0.370429 0.310345 0.199394 0.198021 0.491917 0.183513 0.147305 0.287465 0.139441 0.098308 0.077645 0.095062 0.084676 0.118988 0.142172 0.112089 0.297443 0.456647 0.303195 0.196442 0.40934 0.252501 0.240153 0.391145 0.377489 0.138725 0.083333 0 2
0.072581 0.111862 0.418339 0.089111 0.076626 0.223433 0.043565 0.05742 0.037205 0.159931 0.220386 0.026397 0.324079 0.025068 0.01947 0.169764 0.036493 0.093181 0.109866 0.163494 0.134403 0.074024 0.508062 0.047179 0.042858 0.426398 0.100319 0.169037 0.246144 0.249162 0.16811 0.0625 0 2
0.282258 0.245851 0.248789 0.226406 0.167602 0.598451 0.318259 0.322526 0.364476 0.374711 0.252384 0.678193 0.347002 0.599159 0.291083 0.257633 0.214388 0.41269 0.669756 0.833803 0.15689 0.256169 0.144813 0.246771 0.136469 0.420712 0.163993 0.271828 0.526999 0.364479 0.107766 0.083333 0.296296 2
0.798387 0.317148 0.265398 0.30127 0.239038 0.318944 0.254946 0.174991 0.216264 0.319284 0.259165 0.314484 0.308797 0.278717 0.198967 0.144152 0.093969 0.148502 0.190521 0.206899 0.204567 0.317631 0.261637 0.298436 0.213526 0.351766 0.171145 0.223574 0.354407 0.241869 0.174078 0.114583 0.037037 2
0.33871 0.052243 0.214533 0.064338 0.03728 0.489459 0.467119 0.352316 0.297639 0.790993 0.497139 0.077467 0.338725 0.093016 0.035529 0.096968 0.226336 0.267575 0.388785 0.921375 0.309248 0.040377 0.295406 0.046431 0.024625 0.402232 0.355512 0.372088 0.602771 0.829687 0.314574 0.15625 0 2
0.669355 0.549478 0.225259 0.529038 0.459331 0.366127 0.253816 0.312348 0.507435 0.243649 0.237762 0.527443 0.182368 0.513647 0.357306 0.195482 0.183307 0.230769 0.665063 0.566326 0.235161 0.422162 0.073319 0.424201 0.29453 0.268605 0.135086 0.196087 0.531591 0.212498 0.101272 0.583333 0.074074 2
0.491935 0.757222 0.40346 0.727768 0.701334 0.135092 0.257961 0.269152 0.42407 0.284642 0.111888 0.289441 0.15728 0.284489 0.277673 0.078804 0.141293 0.130062 0.324261 0.22232 0.231239 0.680574 0.351384 0.673691 0.558161 0.290639 0.30495 0.323572 0.786843 0.398975 0.241572 0.0625 0.111111 2
0.032258 0.358328 0.291349 0.339383 0.277854 0.196185 0.172489 0.149546 0.251258 0.33776 0.107862 0.249323 0.327581 0.245403 0.17665 0.121421 0.135514 0.115309 0.318688 0.24802 0.20971 0.323463 0.292972 0.309993 0.221479 0.247992 0.159523 0.181341 0.45314 0.245417 0.113079 0.270833 0.037037 2
0.516129 0.493546 0.475433 0.454628 0.35395 0.642908 0.433955 0.466511 0.526231 0.616051 0.321466 0.406288 0.293196 0.314917 0.208006 0.221726 0.133796 0.247704 0.301971 0.499886 0.296871 0.400628 0.327654 0.379334 0.241509 0.470467 0.187138 0.288843 0.515901 0.361719 0.163912 0.166667 0.074074 2
0.669355 0.152428 0.320069 0.126497 0.107922 0.222429 0.063426 0.085894 0.077782 0.167436 0.136893 0.169764 0.249897 0.164014 0.097381 0.117205 0.025638 0.079557 0.125205 0.139316 0.068073 0.230597 0.401582 0.21414 0.143009 0.413604 0.102604 0.209787 0.332976 0.260004 0.122458 0.166667 0.037037 2
0.782258 0.277197 0.052249 0.277677 0.19874 0.72752 0.412474 0.444913 0.494168 0.379908 0.433143 0.139737 0.094304 0.136225 0.101487 0.095773 0.123878 0.241532 0.235394 0.191098 0.268544 0.266936 0.011256 0.271244 0.174939 0.506006 0.30495 0.487793 0.588228 0.325448 0.301456 0.145833 0.037037 2
0.419355 0.623233 0.560208 0.642468 0.502754 0.561164 0.893725 0.557867 0.714744 0.627598 0.502861 0.268275 0.127607 0.268904 0.223403 0.055721 0.314268 0.209092 0.307837 0.19224 0.366774 0.620906 0.511409 0.621346 0.465669 0.477575 0.702391 0.570688 1 0.49931 0.481175 0.375 0.259259 2
0.516129 0.291948 0.343599 0.26588 0.214467 0.301162 0.158055 0.104141 0.174581 0.178984 0.11104 0.108356 0.250852 0.103323 0.089368 0.068826 0.119349 0.06473 0.134708 0.144456 0.117057 0.326155 0.491329 0.300476 0.22413 0.422845 0.301374 0.2323 0.47878 0.369012 0.205103 0.166667 0.037037 2
0.645161 0.266134 0.416263 0.245191 0.184813 0.22372 0.222913 0.073904 0.068108 0.241917 0.273787 0.007138 0.042504 0.01575 0.018344 0.021888 0.051565 0.051182 0.02449 0.073066 0.129696 0.222521 0.345604 0.195105 0.13697 0.342526 0.276739 0.295824 0.358233 0.317366 0.279942 0.125 0 2
0.725806 0.452366 0.283737 0.423775 0.359775 0.156461 0.145581 0.143265 0.209133 0.180716 0.084764 0.039318 0.036168 0.054754 0.049435 0.006992 0.014322 0.023935 0.045313 0.053457 0 0.379991 0.294798 0.367777 0.265663 0.294904 0.191906 0.287796 0.490261 0.323477 0.094057 0.583333 0.111111 2
0.685484 0.200983 0.44083 0.203902 0.131487 0.466514 0.735821 0.432253 0.25358 0.621247 0.533376 0.056731 0.556497 0.07908 0.058707 0.186312 1 0.795273 0.336872 0.823332 0.926785 0.130103 0.623973 0.144799 0.074906 0.507428 0.875533 0.719726 0.567181 0.709836 0.587433 0.083333 0 2
0.596774 0.24032 0.443945 0.258621 0.164054 0.422056 0.57264 0.36175 0.378517 0.247691 0.349015 0.052793 0.19106 0.201039 0.037118 0.190212 0.342616 0.335466 0.400516 0.33445 0.281095 0.145357 0.337998 0.227736 0.081475 0.353188 0.410742 0.379505 0.54996 0.28287 0.209694 0.791667 0.333333 2
0.725806 0.173325 0.412111 0.169964 0.120366 0.645776 0.303938 0.284296 0.248494 0.303695 0.392456 0.261691 0.557133 0.309475 0.118241 0.391139 0.20408 0.268779 0.452428 0.361864 0.280572 0.159264 0.527533 0.18015 0.088014 0.652427 0.259156 0.311443 0.529295 0.29864 0.251148 0.083333 0 2
0.032258 0.505839 0.419031 0.504537 0.416437 0.147139 0.364613 0.21702 0.262093 0.265012 0.106802 0.148843 0.226336 0.220994 0.133208 0.100376 0.231412 0.121331 0.206359 0.119327 0.201342 0.471961 0.468208 0.552685 0.347551 0.357453 0.505409 0.31633 0.542689 0.320915 0.243802 0.270833 0.037037 2
0.572581 0.21512 0.340484 0.204991 0.148856 0.340599 0.28095 0.233404 0.218309 0.37067 0.305361 0.009476 0.091948 0.024161 0.01798 0.048379 0.067339 0.068192 0.062441 0.139697 0.077486 0.246299 0.409188 0.222978 0.157854 0.520933 0.351936 0.412488 0.592438 0.628425 0.303424 0.114583 0.118939 2
0.032258 0.758451 0.563668 0.789474 0.700805 0.561164 0.611833 0.815054 0.783294 0.515012 0.255139 0.221573 0.381387 0.289767 0.229032 0.233988 0.342538 0.591901 0.571211 0.264012 0.358058 0.55092 0.48707 0.624745 0.435329 0.50956 0.362962 0.66772 0.934943 0.3219 0.213695 0.895833 0.518519 2
0.298387 0.175784 0.46263 0.178403 0.125079 0.822171 0.492745 0.327243 0.394991 0.544457 0.507735 0.22828 0.499188 0.227261 0.128241 0.216316 0.185337 0.151889 0.226889 0.230315 0.298004 0.28533 0.766048 0.295037 0.189961 1 0.466469 0.384478 0.659408 0.565149 0.351305 0.114583 0 2
0.274194 0.517517 0.472318 0.526316 0.430205 0.339739 0.440362 0.427288 0.470396 0.468822 0.258741 0.269013 0.184278 0.300239 0.205093 0.088958 0.161597 0.151588 0.235101 0.211659 0.228449 0.494841 0.357773 0.546567 0.358449 0.319781 0.300182 0.293817 0.590142 0.377292 0.215729 0.291667 0 2
0.58871 0.397664 0.525259 0.38657 0.310527 0.367561 0.258338 0.358026 0.252419 0 0.178216 0.206621 0.415454 0.215552 0.147479 1 0.610708 1 1 0.264012 1 0.234634 0.346821 0.239973 0.15108 0.301301 0.127139 0.223661 0.309632 0.007491 0.086187 0.114583 0.037037 2
0.580645 0.19914 0.464706 0.19029 0.131911 0.281945 0.318636 0.217268 0.244956 0.535219 0.298368 0.139614 0.472126 0.196339 0.056323 0.28855 0.232349 0.195243 0.325434 0.706442 0.32084 0.18035 0.553088 0.203263 0.08931 0.525908 0.352234 0.305771 0.567181 0.622708 0.311951 0.270833 0 2
0.580645 0.178857 0.226644 0.172958 0.115071 0.396243 0.398153 0.186262 0.197413 0.460739 0.40072 0.038457 0.26486 0.064319 0.028807 0.115694 0.211108 0.211877 0.269122 0.219083 0.302711 0.130552 0.312139 0.131203 0.071283 0.455541 0.383127 0.383606 0.522024 0.407057 0.333596 0.375 0.074074 2
0.379032 0.543946 0.386851 0.524501 0.45986 0.270472 0.318636 0.256243 0.36818 0.453811 0.117822 0.468558 0.262313 0.439845 0.365584 0.145347 0.190101 0.177028 0.350364 0.211087 0.257823 0.578286 0.364162 0.579198 0.442104 0.379487 0.270381 0.294689 0.58555 0.296669 0.180441 0.229167 0 2
0.58871 0.527351 0.76436 0.509074 0.456153 0.132368 0.252308 0.224716 0.25463 0.069284 0.06103 0.335589 0.305295 0.294302 0.317572 0.100903 0.149102 0.118169 0.164418 0.103526 0.101891 0.675639 0.874353 0.646499 0.579958 0.41858 0.356008 0.327673 0.510926 0.226296 0.13538 0.25 0 2
0.540323 0.331285 0.3609 0.34029 0.247935 0.403413 0.425287 0.379624 0.354912 0.388568 0.336512 0.062762 0.285555 0.092768 0.0498 0.135298 0.137857 0.225275 0.242433 0.19205 0.221302 0.270973 0.464862 0.297757 0.169931 0.514536 0.292334 0.500707 0.594352 0.397989 0.293257 0.0625 0.037037 2
0.612903 0.11555 0.413495 0.121234 0.074984 0.485157 0.504428 0.361253 0.267013 0.470554 0.472346 0.069099 0.225063 0.091037 0.036886 0.151635 0.243907 0.270134 0.287893 0.169776 0.39484 0.105877 0.4101 0.137322 0.058293 0.680859 0.47978 0.527233 0.645632 0.363099 0.454283 0.270833 1 2
0.5 0.374923 0.301038 0.376588 0.282461 0.561164 0.418881 0.414627 0.490298 0.475173 0.275482 0.062823 0.100895 0.082461 0.059568 0.100657 0.099435 0.147599 0.254165 0.074018 0.108864 0.302826 0.250076 0.329028 0.200566 0.628261 0.339817 0.416939 0.862233 0.304356 0.233307 0.114583 0.185185 2
0.532258 0.587585 0.603114 0.567151 0.50699 0.238348 0.231204 0.32625 0.348776 0.080831 0.120153 0.203175 0.263269 0.215552 0.185491 0.082669 0.103652 0.177856 0.168231 0.097053 0.15689 0.521759 0.630058 0.527532 0.40175 0.287085 0.223296 0.340849 0.487199 0.17189 0.185229 0.895833 0.888889 2
0.66129 0.753534 0.574048 0.740472 0.692862 0.288542 0.460335 0.424557 0.571563 0.346998 0.272091 0.53175 0.191474 0.502515 0.469554 0.132136 0.166205 0.256134 0.351537 0.152642 0.171359 0.815164 0.542744 0.82189 0.717517 0.470467 0.358889 0.48692 0.881367 0.303174 0.20812 0.114583 0.037037 2
0.241935 0.400123 1 0.376588 0.296018 0.331995 0.315621 0.29224 0.374813 0.289261 0.199407 0.210928 0.15728 0.15247 0.115923 0.077047 0.160113 0.113503 0.251232 0.083346 0.145733 0.433827 0.857925 0.381373 0.265074 0.388016 0.320049 0.26188 0.679691 0.253893 0.196248 0.166667 0 2
0.491935 0.519361 0.453979 0.519056 0.420144 0.397677 0.413605 0.449134 0.37896 0.386836 0.206612 0.20336 0.458436 0.237816 0.153704 0.279064 0.196583 0.212329 0.30549 0.266106 0.249455 0.395244 0.421661 0.406526 0.267725 0.457673 0.243859 0.280815 0.487582 0.2671 0.138397 0.145833 0.037037 2
0.604839 0.390289 0.231834 0.372958 0.300042 0.370429 0.218768 0.254754 0.349494 0.29157 0.124603 0.071068 0.157503 0.085759 0.065031 0.073429 0.059999 0.093181 0.218383 0.115329 0.11113 0.314491 0.256161 0.311353 0.210286 0.424266 0.187933 0.273835 0.599709 0.310073 0.171127 0.083333 0 2
0.443548 0.522434 0.309689 0.495463 0.427558 0.40915 0.274166 0.282806 0.362651 0.270208 0.131808 0.247416 0.086631 0.218026 0.188769 0.069634 0.083192 0.124567 0.21985 0.109808 0.127517 0.57694 0.240341 0.530252 0.431206 0.48184 0.26303 0.35577 0.654051 0.357579 0.226027 0.895833 0.259259 2
0.459677 0.185003 0.230796 0.177223 0.127515 0.49663 0.308461 0.183481 0.177732 0.34642 0.23416 0.142259 0.142539 0.116269 0.072017 0.129431 0.151836 0.152416 0.241847 0.242499 0.140155 0.159264 0.164284 0.156356 0.09364 0.492501 0.273063 0.259088 0.414871 0.296274 0.160895 0.0625 0 2
0.443548 0.268593 0.238408 0.284029 0.186242 0.83938 0.687206 0.548185 0.574327 0.62933 0.544819 0.286365 0.221879 0.239795 0.150558 0.262903 0.300914 0.292714 0.472079 0.208613 0.660071 0.219381 0.182233 0.235894 0.123921 0.672329 0.396339 0.365543 0.742069 0.333728 0.420176 0.041667 0 2
0.508065 0.28949 0.443599 0.34755 0.218121 0.515273 1 0.728911 0.648958 0.685335 0.652469 0.675732 0.666019 0.739424 0.412271 0.340547 0.410791 0.537257 0.73516 0.294852 0.431884 0.314491 0.45543 0.398368 0.211464 0.486815 0.462794 0.51842 0.831235 0.337473 0.307359 0.020833 0 2
0.209677 0.2815 0.802076 0.288566 0.202976 0.449304 0.44413 0.375155 0.352037 0.452079 0.344353 0.029596 0.291604 0.061845 0.0299 0.094087 0.14223 0.135105 0.147994 0.039312 0.19803 0.253477 1 0.280082 0.155203 0.756202 0.501733 0.476711 0.659791 0.383797 0.428703 0.21875 0.111111 2
0.491935 0.286417 0.311419 0.254991 0.210231 0.04919 0.038101 0.044958 0.04511 0.137991 0.088578 0.022151 0.202713 0.031418 0.027118 0.005586 0.013729 0.016333 0 0.042796 0.022488 0.227456 0.456343 0.209381 0.141536 0.188286 0.12853 0.17628 0.216945 0.220382 0.086908 0.166667 0 2
0.5 0.601106 0.717647 0.578947 0.559945 0.282805 0.257207 0.279827 0.365692 0.266166 0.137529 0.601895 0.399535 0.54391 0.614913 0.066191 0.058046 0.078955 0.120425 0.110189 0.105639 0.881561 0.927594 0.876275 0.861263 0.413604 0.211674 0.279419 0.523937 0.25685 0.178014 0.270833 0.074074 2
0.467742 0.42901 0.487889 0.392922 0.337481 0.194751 0.091276 0.081947 0.149981 0.132794 0.102776 0.139921 0.340953 0.132927 0.105361 0.097565 0.033916 0.039741 0.098193 0.120088 0.145036 0.362494 0.54822 0.339905 0.239153 0.352477 0.128431 0.160573 0.323792 0.185098 0.160304 0.114583 0 2
0.435484 0.50461 0.561246 0.49274 0.411142 0.387638 0.374034 0.417358 0.421969 0.342956 0.253232 0.272151 0.203413 0.261235 0.184299 0.166005 0.133874 0.217823 0.227475 0.123134 0.205613 0.488111 0.585032 0.507818 0.358155 0.684413 0.330578 0.481161 0.605449 0.333728 0.276532 0.114583 0 2
0.129032 0.538414 0.300346 0.522686 0.439737 0.38477 0.335971 0.361501 0.464315 0.338915 0.17758 0.148536 0.218695 0.165251 0.127843 0.081826 0.129657 0.133449 0.175856 0.281336 0.137802 0.470615 0.401582 0.492862 0.339009 0.420712 0.345677 0.384391 0.625732 0.490637 0.204447 0.375 0.555556 2
0.056452 0.325138 0.290311 0.334846 0.234855 0.453607 0.505559 0.42406 0.388136 0.327945 0.351558 0.057531 0.176765 0.108106 0.046687 0.066613 0.214466 0.209092 0.202839 0.114187 0.260961 0.256169 0.256161 0.28416 0.154025 0.388016 0.416504 0.417637 0.551873 0.237532 0.336219 0.0625 0 2
0 0.049785 0.268512 0.028131 0.036804 0.354367 0.049331 0.007125 0.082039 0.179561 0.26743 0.277627 0.554905 0.246145 0.116288 0.102906 0.021108 0.013398 0.268243 0.149787 0.145646 0.023329 0.204442 0 0.013402 0.225958 0.028241 0.032478 0.163063 0.081411 0.092549 1 0.666667 2
0.266129 0.56177 0.466436 0.569873 0.468863 0.473684 0.519126 0.507224 0.595334 0.543303 0.517906 0.540364 0.439651 0.548446 0.386775 0.186101 0.31216 0.493376 0.416061 0.370812 0.421947 0.486317 0.388196 0.50102 0.349907 0.375222 0.285877 0.409434 0.624967 0.340824 0.260068 0.479167 0.407407 2
0.556452 0.446835 0.293772 0.424682 0.352362 0.32253 0.247409 0.220992 0.327215 0.288106 0.13541 0.129399 0.059919 0.11495 0.115592 0.075677 0.072181 0.098901 0.183482 0.092674 0.118888 0.403768 0.253423 0.379334 0.287755 0.43706 0.223495 0.315282 0.568711 0.245811 0.176702 0.166667 0 2
0.524194 0.566073 0.321107 0.537205 0.48316 0.075004 0.149199 0.227198 0.314832 0.357968 0.015046 0.245324 0.103219 0.223881 0.201517 0.065664 0.050081 0.116739 0.213984 0.267438 0.043755 0.458502 0.19349 0.442556 0.338419 0.166963 0.10171 0.206471 0.434388 0.293712 0.028139 0.21875 0.037037 2
0.524194 0.577136 0.385121 0.580762 0.477865 0.602753 0.53307 0.577231 0.719166 0.72806 0.348591 0.231602 0.210417 0.235755 0.182345 0.099006 0.132469 0.15776 0.249765 0.376904 0.19681 0.558995 0.462124 0.584636 0.421191 0.549364 0.395246 0.445385 0.916574 0.787108 0.310639 0 0.074074 2
0.266129 0.375538 0.367474 0.362069 0.294959 0.529614 0.224421 0.31483 0.436895 0.241917 0.221657 0.382907 0.562546 0.405954 0.24231 0.133085 0.082958 0.256511 0.359749 0.198142 0.230628 0.365635 0.501369 0.394969 0.251524 0.447722 0.152967 0.321129 0.588228 0.208555 0.137413 0.114583 0 2
0.072581 0.480639 0.382353 0.462795 0.386782 0.232181 0.354814 0.203615 0.224391 0.372402 0.2242 0.275905 0.371836 0.265193 0.245886 0.171486 0.246952 0.212253 0.380866 0.262679 0.292687 0.524899 0.538485 0.516655 0.402044 0.48255 0.428523 0.383431 0.672802 0.416716 0.28637 0.166667 0 2
0.459677 0.295022 0.305882 0.319419 0.210231 0.707443 0.717354 0.66387 0.574327 0.616051 0.546302 0.20096 0.30625 0.191638 0.123274 0.234058 0.454835 0.666792 0.517832 0.905193 0.544147 0.202782 0.228172 0.233175 0.119945 0.519511 0.450278 0.578716 0.706096 0.528287 0.327693 0.145833 0 2
0.483871 0.583282 0.394464 0.561706 0.493222 0.237057 0.252685 0.18373 0.318094 0.178984 0.112736 0.236463 0.176605 0.252742 0.193537 0.124407 0.09147 0.096417 0.276748 0.125038 0.071385 0.51458 0.295102 0.517335 0.37465 0.361006 0.185052 0.214848 0.564502 0.205795 0.080743 0.0625 0 2
0.403226 0.568531 0.569204 0.560798 0.461978 0.345332 0.455436 0.347848 0.587042 0.327367 0.21085 0.481356 0.48709 0.492702 0.296712 0.20279 0.30763 0.362035 0.592034 0.556237 0.278829 0.509197 0.521448 0.509177 0.342543 0.326178 0.288361 0.302194 0.712602 0.33629 0.139578 0.21875 0.074074 2
0.427419 0.595575 0.241176 0.57078 0.515463 0.279507 0.231958 0.319547 0.382 0.151848 0.095995 0.258368 0.094049 0.244578 0.208702 0.124513 0.090611 0.119449 0.209585 0.092865 0.054389 0.562136 0.197749 0.555405 0.423547 0.52804 0.252501 0.341984 0.697294 0.221565 0.101732 0.375 0 2
0.048387 0.00799 0.292388 0.012704 0 0.668722 0.638214 0.359764 0.239704 0.512702 0.619835 0.010829 0.211691 0.046673 0 0.166462 0.297869 0.262984 0.240967 0.180818 0.291816 0.017945 0.491329 0.045275 0 0.970147 0.880698 0.712221 0.854962 0.510349 0.559229 0.166667 0 2
0.451613 0.224339 0.446713 0.200272 0.160506 0.169941 0.07654 0.148751 0.179114 0.18418 0.082856 0.136537 0.402719 0.145213 0.062978 0.198328 0.078663 0.172738 0.310476 0.181199 0.155496 0.132346 0.45756 0.116247 0.073669 0.350345 0.10608 0.212492 0.409131 0.179775 0.087367 0.270833 0 2
0.096774 0.52858 0.443945 0.517241 0.430205 0.373297 0.323158 0.401221 0.452153 0.393187 0.18203 0.256522 0.78764 0.348808 0.185789 0.301198 0.262571 0.479828 0.857461 0.376904 0.449141 0.358008 0.418923 0.386812 0.237091 0.306987 0.188827 0.313188 0.587463 0.19929 0.13761 0.375 0.481481 2
0.459677 0.655194 0.411765 0.657895 0.55359 0.598451 0.612964 0.638052 0.75123 0.493072 0.335029 0.264829 0.177911 0.247794 0.221847 0.08952 0.233599 0.272768 0.226009 0.239263 0.256341 0.600718 0.367204 0.590755 0.463313 0.485393 0.516932 0.59451 0.815927 0.446087 0.299488 0.302083 0.592593 2
0.451613 0.432698 0.355709 0.416515 0.333669 0.410584 0.317882 0.238618 0.375532 0.394919 0.221233 0.159919 0.162756 0.157335 0.118605 0.160349 0.159098 0.106503 0.282321 0.119136 0.196025 0.369672 0.265896 0.360299 0.247695 0.471178 0.320049 0.267116 0.644484 0.294697 0.196707 0.270833 0.111111 2
0.403226 0.256915 0.672318 0.225136 0.189526 0.118027 0 0.0568 0.03914 0.314088 0.057004 0.168779 0.402719 0.155851 0.103937 0.146295 0.054064 0.104998 0.114764 0.449817 0.057788 0.198295 0.615759 0.169952 0.124687 0.233776 0.047035 0.114064 0.140676 0.3288 0.043356 0.375 0.481481 2
0.435484 0.389674 0.382353 0.370236 0.30555 0.364692 0.250047 0.217765 0.350821 0.254619 0.168892 0.437423 0.300201 0.430857 0.30201 0.103362 0.10826 0.172588 0.286427 0.142553 0.1704 0.433827 0.305141 0.437118 0.309258 0.348212 0.182668 0.264411 0.481841 0.205795 0.133871 0.114583 0.037037 2
0.370968 0.483712 0.401038 0.470054 0.396314 0.38477 0.349915 0.33618 0.37111 0.366628 0.234584 0.384753 0.499507 0.275418 0.297705 0.189966 0.261868 0.318154 0.386145 0.30361 0.298788 0.440556 0.43383 0.409245 0.322513 0.405786 0.29303 0.320431 0.542689 0.28425 0.184311 0.0625 0 2
0.096774 0.388445 0.520415 0.367514 0.30036 0.119604 0.244394 0.239362 0.204821 0.091801 0.080949 0.194561 0.419275 0.175641 0.146982 0.191196 0.279049 0.289628 0.359162 0.153404 0.231151 0.338268 0.571646 0.324269 0.228549 0.438482 0.358492 0.418509 0.554552 0.184309 0.160042 0.895833 0 2
0.177419 0.435157 0.223875 0.413793 0.332768 0.207945 0.290748 0.211062 0.233457 0.237875 0.159991 0.064484 0.07275 0.06333 0.072117 0.050943 0.06445 0.141578 0.134297 0.096482 0.11758 0.338268 0.162762 0.327668 0.230905 0.315516 0.213859 0.353414 0.476484 0.251725 0.178473 0.239583 0 2
0.266129 0.623848 0.350865 0.600726 0.541411 0.313638 0.269267 0.330718 0.526231 0.142032 0.134562 0.289503 0.31803 0.279459 0.224827 0.098373 0.104668 0.157384 0.278214 0.045842 0.097446 0.576043 0.468512 0.564922 0.445934 0.390149 0.25707 0.362926 0.761586 0.138577 0.126 0.25 0 2
0.25 0.408728 0.448097 0.427405 0.327738 0.256991 0.581685 0.470731 0.44165 0.224018 0.496715 0.452314 0.351141 0.383277 0.301017 0.144012 0.491226 0.413744 0.526044 0.168443 0.890177 0.391655 0.371159 0.397689 0.273616 0.275713 0.424351 0.429766 0.652903 0.145082 0.441821 0.0625 0 2
0.056452 0.325753 0.315917 0.34392 0.240521 0.396243 0.539853 0.495556 0.395987 0.486721 0.329095 0.074391 0.198542 0.158077 0.063342 0.229421 0.369792 0.525741 0.497888 0.377856 0.459165 0.204127 0.194098 0.25153 0.127132 0.396546 0.392266 0.493639 0.568329 0.345555 0.238226 0.0625 0 2
0.282258 0.352797 0.339792 0.319419 0.262656 0 0.094479 0.031056 0.015258 0.310624 0.063573 0.032919 0.065523 0.051291 0.029668 0 0.055547 0.024763 0.003607 0.223271 0.05343 0.284432 0.300882 0.28688 0.169637 0.134978 0.23909 0.195215 0.223413 0.613444 0.138987 0.21875 0 2
0.298387 0.46343 0.247059 0.448276 0.374073 0.376165 0.322781 0.31061 0.395378 0.30254 0.354312 0.368262 0.217422 0.304939 0.270786 0.186453 0.193615 0.251468 0.309596 0.157783 0.363288 0.444594 0.188926 0.416723 0.321629 0.421423 0.255878 0.28736 0.525468 0.18628 0.258494 0.270833 0 2
0.266129 0.176398 0.488235 0.18539 0.124073 0.591281 0.459959 0.277345 0.261374 0.558314 0.468743 0.173086 0.371199 0.150161 0.082977 0.24639 0.243751 0.179286 0.322208 0.313319 0.514948 0.142216 0.49498 0.14208 0.082447 0.692942 0.342995 0.274096 0.471126 0.411197 0.414929 0.0625 0 2
0.322581 0.277197 0.46955 0.289474 0.195774 0.621397 0.531185 0.444417 0.358726 0.288106 0.436109 0.085713 0.509058 0.14711 0.061356 0.241401 0.328403 0.370691 0.446856 0.250685 0.428223 0.191566 0.598114 0.221618 0.118207 0.648873 0.44243 0.49486 0.716811 0.285433 0.338843 0.21875 0.037037 2
0.298387 0.251998 0.300692 0.230127 0.180205 0.246379 0.150443 0.12631 0.12737 0.146074 0.188599 0.118262 0.266134 0.121794 0.081123 0.08028 0.069916 0.140975 0.124619 0.069258 0.054999 0.212651 0.346517 0.195105 0.135173 0.303433 0.157735 0.229158 0.317669 0.141337 0.095107 0.21875 0.296296 2
0.314516 0.452366 0.352941 0.443739 0.3656 0.456475 0.296778 0.329974 0.410194 0.318707 0.194109 0.216035 0.17842 0.170281 0.176716 0.123283 0.089205 0.136911 0.155033 0.146741 0.14277 0.404666 0.28993 0.388171 0.290112 0.478286 0.200946 0.30708 0.466917 0.297457 0.154729 0.083333 0.037037 2
0.322581 0.549478 0.341869 0.53176 0.451387 0.412018 0.320143 0.29075 0.409088 0.285219 0.246451 0.193269 0.162883 0.206234 0.151353 0.085093 0.122473 0.147373 0.193747 0.051173 0.200819 0.48856 0.26042 0.512577 0.335179 0.424977 0.277732 0.344252 0.506333 0.193968 0.238226 0.791667 0.148148 2
0.306452 0.840811 0.388235 0.849365 0.783415 0.401979 0.620124 0.513927 0.700923 0.394342 0.363213 0.490832 0.171384 0.48627 0.416907 0.08158 0.193459 0.186437 0.316635 0.207661 0.320143 0.766263 0.312139 0.81985 0.62856 0.371668 0.365048 0.385526 0.83621 0.313818 0.273318 0.0625 0.037037 2
0 0.460971 0.72699 0.443739 0.365071 0.343037 0.244017 0.256988 0.301951 0.31582 0.120364 0.110202 0.579738 0.145873 0.097546 0.115589 0.135827 0.223694 0.287893 0.174155 0.207008 0.337371 0.845452 0.349422 0.229138 0.333997 0.196376 0.296784 0.484138 0.25271 0.142988 0.166667 0.037037 2
0.233871 0.262446 0.700346 0.285844 0.188149 0.427793 0.612964 0.573507 0.408978 0.473441 0.450731 0.040857 0.268363 0.099695 0.028675 0.068791 0.320906 0.471549 0.319862 0.256777 0.4406 0.20996 0.794646 0.296397 0.119856 0.424977 0.73547 1 0.79067 0.497536 0.563164 0.21875 0 2
0.129032 0.612784 0.508997 0.645191 0.521817 0.500932 0.669116 0.728415 0.702582 0.485566 0.39288 0.472803 0.211373 0.627113 0.347041 0.131118 0.279205 0.508129 0.617844 0.241547 0.446788 0.513683 0.387587 0.639021 0.386138 0.417869 0.364849 0.554894 0.86185 0.268874 0.286567 0.114583 0 2
0.217742 0.65212 0.415571 0.636116 0.591718 0.516707 0.263237 0.545951 0.655592 0.24134 0.126722 0.604356 0.2846 0.537643 0.479156 0.268173 0.168391 0.308897 0.567985 0.062024 0.274732 0.565725 0.296015 0.550646 0.447406 0.420001 0.158927 0.337446 0.737094 0.097575 0.105667 0.083333 0 2
0.153226 0.564229 0.618339 0.538112 0.476276 0.327406 0.21613 0.297949 0.42899 0.256351 0.10765 0.351772 0.668885 0.333966 0.281613 0.108984 0.131844 0.214963 0.340392 0.211278 0.122984 0.486765 0.656526 0.475187 0.360217 0.24657 0.139954 0.259612 0.512074 0.198502 0.074315 0.0625 0 2
0.120968 0.347265 0.612457 0.330309 0.262921 0.137387 0.211984 0.170126 0.180828 0.162818 0.13202 0.16158 0.226973 0.187351 0.114433 0.113691 0.233989 0.273672 0.304904 0.10086 0.244487 0.27546 0.530879 0.282801 0.181419 0.227379 0.256375 0.276016 0.431709 0.128721 0.151909 0.322917 0.037037 2
0.201613 0.178857 0.465398 0.160617 0.12402 0.455041 0.139928 0.130902 0.198795 0.072171 0.097266 0.258676 0.60107 0.262307 0.123009 0.405193 0.086628 0.162577 0.434538 0.367575 0.073041 0.119785 0.405537 0.109449 0.065539 0.460516 0.076081 0.125408 0.315373 0.12123 0.036272 0.114583 0.037037 2
0.209677 0.440074 0.546367 0.424682 0.322283 0.339882 0.473149 0.48091 0.424954 0.435912 0.247722 0.240955 0.325989 0.240208 0.113374 0.180339 0.314971 0.68162 0.537189 0.37519 0.264011 0.405563 0.569821 0.407886 0.218828 0.458384 0.458324 0.744682 0.885194 0.468362 0.250164 0.208333 0.074074 2
0.225806 0.674862 0.701038 0.678766 0.595954 0.169511 0.475787 0.450127 0.446072 0.281755 0.146217 0.424809 0.251488 0.47555 0.337108 0.175456 0.404309 0.366401 0.592914 0.401843 0.309335 0.556303 0.529358 0.587356 0.42502 0.247992 0.353525 0.371215 0.610807 0.240292 0.121278 0.322917 0 2
0.185484 0.819914 0.522491 0.815789 0.716691 0.269181 0.687206 0.611241 0.644535 0.57679 0.27188 0.219173 0.109236 0.222644 0.205589 0.047887 0.138872 0.263736 0.195507 0.296566 0.114704 0.65904 0.418923 0.67777 0.502194 0.304144 0.339916 0.512923 0.678543 0.476641 0.162272 0.083333 0 2
0.096774 0.285802 0.56782 0.25363 0.210972 0.055643 0.023931 0.034258 0.046713 0.157044 0.078406 0.083313 0.179121 0.090624 0.06417 0.06468 0 0 0.07476 0.168443 0.019437 0.238672 0.516276 0.218219 0.152847 0.197526 0.045833 0.089283 0.203704 0.244431 0.057327 0.166667 0.074074 2
0.096774 0.296865 0.232526 0.274955 0.215738 0.311344 0.166761 0.120898 0.13511 0.336028 0.14092 0.007445 0.077398 0 0.020032 0.073183 0.061873 0.060138 0.091712 0.13113 0.081932 0.20323 0.177974 0.180829 0.121741 0.402943 0.211277 0.232212 0.361295 0.334319 0.147449 0.041667 0 2
0.08871 0.511985 0.363322 0.480944 0.405317 0.220278 0.277558 0.100218 0.378075 0.382794 0.083068 0.709574 0.481359 0.658778 0.509619 0.0078 0.017485 0.131115 0.921692 0.30399 0.241349 0.322566 0.175236 0.305235 0.20793 0.076907 0.074094 0.050636 0.316138 0.114725 0.009183 0.21875 0 2
0.112903 0.28949 0.488927 0.27314 0.21685 0.199197 0.155493 0.175885 0.124661 0.396651 0.127357 0.189392 0.46544 0.235837 0.127843 0.087728 0.123019 0.209017 0.226596 0.216037 0.070601 0.25258 0.560389 0.264446 0.164335 0.257943 0.195979 0.285178 0.37622 0.275774 0.071297 0.166667 0.148148 2
0.080645 0.706208 0.589619 0.714156 0.604957 0.661552 0.61108 0.828956 0.90602 0.702079 0.174401 0.547133 1 0.495671 0.363928 0.214454 0.195724 0.478624 0.543935 0.453815 0.191755 0.500224 0.481898 0.517335 0.347845 0.363139 0.205316 0.392768 0.706096 0.24522 0.053391 0.0625 0 2
0.129032 0.432084 0.469896 0.436479 0.335416 0.58411 0.481816 0.42555 0.561612 0.388568 0.271456 0.369124 0.710911 0.369918 0.251945 0.162281 0.189711 0.218952 0.449496 0.346634 0.372963 0.323463 0.47338 0.340585 0.21117 0.370247 0.207899 0.251671 0.55991 0.232801 0.152565 0.21875 0 2
0.129032 0.16472 0.495502 0.161071 0.109934 0.437832 0.320897 0.228688 0.241694 0.278868 0.430812 0.079067 0.250215 0.135565 0.039072 0.161157 0.183541 0.160394 0.313116 0.189385 0.285191 0.111709 0.465166 0.153637 0.06012 0.522354 0.298195 0.27654 0.535418 0.231421 0.29129 0.166667 0 2
0.064516 0.741242 0.812803 0.770417 0.711396 0.58411 0.56058 0.680006 0.729117 0.283487 0.278661 1 0.746888 1 0.794047 0.203563 0.207906 0.368207 0.502874 0.462001 0.24501 0.697622 0.760268 0.766146 0.581136 0.435639 0.236607 0.409871 0.696529 0.23832 0.133674 0.375 0 2
0.072581 0.704364 0.677163 0.667877 0.617666 0.529614 0.466742 0.704086 0.76892 0.456698 0.376775 0.78095 0.431373 0.724499 0.727492 0.03545 0.269443 0.421045 0.367961 0.142743 0.398849 0.737102 0.661089 0.743712 0.642699 0.306987 0.329684 0.48884 0.815927 0.22945 0.254952 0.0625 0.037037 2
0.112903 0.097111 0.712803 0.077223 0.068471 0.251685 0.062785 0.093168 0.105423 0.395497 0.324009 0.10891 0.352733 0.114868 0.054502 0.222605 0.025325 0.096191 0.225422 0.199665 0.241524 0.094661 0.74171 0.079198 0.054935 0.526619 0.083929 0.191637 0.370862 0.34043 0.255936 0.270833 0.259259 2
0.040323 0.543946 0.348789 0.529038 0.462508 0.309049 0.232335 0.337421 0.368954 0.180139 0.149608 0.386229 0.285873 0.435639 0.340088 0.234129 0.163393 0.372196 0.501115 0.178914 0.14983 0.438313 0.277152 0.475867 0.328404 0.393702 0.184257 0.322089 0.593203 0.161049 0.087039 0.177083 0.074074 2
0.056452 0.55378 0.589273 0.534483 0.464097 0.226301 0.266252 0.276848 0.351927 0.168591 0.092392 0.206805 0.382024 0.184464 0.172643 0.107754 0.105761 0.239726 0.256511 0.05003 0.227752 0.444594 0.614846 0.443236 0.322513 0.33684 0.198661 0.337359 0.515901 0.134043 0.153352 0.375 0 2
0.016129 0.508297 0.581315 0.516334 0.409024 0.488025 0.496137 0.471228 0.504671 0.355658 0.289044 0.186562 0.649782 0.275418 0.156253 0.121772 0.263508 0.363014 0.363268 0.264963 0.280485 0.436519 0.849711 0.515976 0.31132 0.484683 0.458622 0.576011 0.692319 0.378277 0.280073 0.041667 0.037037 2
0.016129 0.231715 0.514879 0.248457 0.156693 0.60849 0.622386 0.369694 0.410968 0.44515 0.523628 0.090266 0.253399 0.085347 0.040164 0.080455 0.298181 0.306488 0.316635 0.333308 0.388826 0.171826 0.46547 0.18015 0.090341 0.458384 0.480674 0.472522 0.644484 0.436231 0.381477 0.135417 0.777778 2
0.072581 0.711125 0.399308 0.680581 0.654205 0.013624 0.171735 0.110819 0.239704 0.242494 0.050223 0.726188 0.620809 0.724417 0.590742 0.061659 0.151836 0.100783 0.44539 0.323218 0.247102 0.530731 0.247642 0.523453 0.410586 0 0.080054 0.07122 0.247943 0.097773 0.018628 0.583333 0.074074 2
0.056452 0.275968 0.719723 0.264065 0.200593 0.272766 0.226682 0.281813 0.247056 0.246536 0.228862 0.079806 0.470216 0.067453 0.061654 0.123353 0.105683 0.130965 0.164711 0.253922 0.181382 0.201884 0.754792 0.186948 0.12398 0.321913 0.183661 0.238669 0.381195 0.265918 0.165289 0.114583 0 2
0.08871 0.382299 0.650865 0.345735 0.293211 0.208662 0.077256 0.103893 0.167892 0.280023 0.077771 0.256153 0.338406 0.2205 0.162346 0.148368 0.064138 0.155126 0.133153 0.370431 0.025277 0.355316 0.608153 0.32223 0.231789 0.314095 0.105186 0.165896 0.253377 0.354228 0.034698 0.34375 0 2
0.040323 0.353411 0.614187 0.348457 0.277378 0.200631 0.252685 0.191699 0.163525 0.336028 0.214028 0.253138 0.277914 0.254803 0.165293 0.17918 0.148087 0.21549 0.262084 0.22251 0.219559 0.309556 0.555217 0.297077 0.207635 0.363139 0.227965 0.280554 0.393058 0.289769 0.166076 0.322917 0 2